,buildId,dynamicIds_0,dynamicIds_1,dynamicIds_2,dynamicIds_3,dynamicIds_4,gssp,isFallback,page,props___N_SSP,props_pageProps_match_isPreMatch,props_pageProps_match_matchInfo___typename,props_pageProps_match_matchInfo_factorId,props_pageProps_match_matchInfo_games_0___typename,props_pageProps_match_matchInfo_games_0_bb1,props_pageProps_match_matchInfo_games_0_bb2,props_pageProps_match_matchInfo_games_0_bb3,props_pageProps_match_matchInfo_games_0_bb4,props_pageProps_match_matchInfo_games_0_bb5,props_pageProps_match_matchInfo_games_0_bp1,props_pageProps_match_matchInfo_games_0_bp2,props_pageProps_match_matchInfo_games_0_bp3,props_pageProps_match_matchInfo_games_0_bp4,props_pageProps_match_matchInfo_games_0_bp5,props_pageProps_match_matchInfo_games_0_gameDurationMins,props_pageProps_match_matchInfo_games_0_gameGold_0___typename,props_pageProps_match_matchInfo_games_0_gameGold_0_gameTime,props_pageProps_match_matchInfo_games_0_gameGold_0_goldDifference,props_pageProps_match_matchInfo_games_0_gameGold_0_team1Perid,props_pageProps_match_matchInfo_games_0_gameGold_0_team1TotalGold,props_pageProps_match_matchInfo_games_0_gameGold_0_team2Perid,props_pageProps_match_matchInfo_games_0_gameGold_0_team2TotalGold,props_pageProps_match_matchInfo_games_0_gameGold_1___typename,props_pageProps_match_matchInfo_games_0_gameGold_1_gameTime,props_pageProps_match_matchInfo_games_0_gameGold_1_goldDifference,props_pageProps_match_matchInfo_games_0_gameGold_1_team1Perid,props_pageProps_match_matchInfo_games_0_gameGold_1_team1TotalGold,props_pageProps_match_matchInfo_games_0_gameGold_1_team2Perid,props_pageProps_match_matchInfo_games_0_gameGold_1_team2TotalGold,props_pageProps_match_matchInfo_games_0_gameGold_2___typename,props_pageProps_match_matchInfo_games_0_gameGold_2_gameTime,props_pageProps_match_matchInfo_games_0_gameGold_2_goldDifference,props_pageProps_match_matchInfo_games_0_gameGold_2_team1Perid,props_pageProps_match_matchInfo_games_0_gameGold_2_team1TotalGold,props_pageProps_match_matchInfo_games_0_gameGold_2_team2Perid,props_pageProps_match_matchInfo_games_0_gameGold_2_team2TotalGold,props_pageProps_match_matchInfo_games_0_gameGold_3___typename,props_pageProps_match_matchInfo_games_0_gameGold_3_gameTime,props_pageProps_match_matchInfo_games_0_gameGold_3_goldDifference,props_pageProps_match_matchInfo_games_0_gameGold_3_team1Perid,props_pageProps_match_matchInfo_games_0_gameGold_3_team1TotalGold,props_pageProps_match_matchInfo_games_0_gameGold_3_team2Perid,props_pageProps_match_matchInfo_games_0_gameGold_3_team2TotalGold,props_pageProps_match_matchInfo_games_0_gameGold_4___typename,props_pageProps_match_matchInfo_games_0_gameGold_4_gameTime,props_pageProps_match_matchInfo_games_0_gameGold_4_goldDifference,props_pageProps_match_matchInfo_games_0_gameGold_4_team1Perid,props_pageProps_match_matchInfo_games_0_gameGold_4_team1TotalGold,props_pageProps_match_matchInfo_games_0_gameGold_4_team2Perid,props_pageProps_match_matchInfo_games_0_gameGold_4_team2TotalGold,props_pageProps_match_matchInfo_games_0_gameGold_5___typename,props_pageProps_match_matchInfo_games_0_gameGold_5_gameTime,props_pageProps_match_matchInfo_games_0_gameGold_5_goldDifference,props_pageProps_match_matchInfo_games_0_gameGold_5_team1Perid,props_pageProps_match_matchInfo_games_0_gameGold_5_team1TotalGold,props_pageProps_match_matchInfo_games_0_gameGold_5_team2Perid,props_pageProps_match_matchInfo_games_0_gameGold_5_team2TotalGold,props_pageProps_match_matchInfo_games_0_gameGold_6___typename,props_pageProps_match_matchInfo_games_0_gameGold_6_gameTime,props_pageProps_match_matchInfo_games_0_gameGold_6_goldDifference,props_pageProps_match_matchInfo_games_0_gameGold_6_team1Perid,props_pageProps_match_matchInfo_games_0_gameGold_6_team1TotalGold,props_pageProps_match_matchInfo_games_0_gameGold_6_team2Perid,props_pageProps_match_matchInfo_games_0_gameGold_6_team2TotalGold,props_pageProps_match_matchInfo_games_0_gameGold_7___typename,props_pageProps_match_matchInfo_games_0_gameGold_7_gameTime,props_pageProps_match_matchInfo_games_0_gameGold_7_goldDifference,props_pageProps_match_matchInfo_games_0_gameGold_7_team1Perid,props_pageProps_match_matchInfo_games_0_gameGold_7_team1TotalGold,props_pageProps_match_matchInfo_games_0_gameGold_7_team2Perid,props_pageProps_match_matchInfo_games_0_gameGold_7_team2TotalGold,props_pageProps_match_matchInfo_games_0_gameGold_8___typename,props_pageProps_match_matchInfo_games_0_gameGold_8_gameTime,props_pageProps_match_matchInfo_games_0_gameGold_8_goldDifference,props_pageProps_match_matchInfo_games_0_gameGold_8_team1Perid,props_pageProps_match_matchInfo_games_0_gameGold_8_team1TotalGold,props_pageProps_match_matchInfo_games_0_gameGold_8_team2Perid,props_pageProps_match_matchInfo_games_0_gameGold_8_team2TotalGold,props_pageProps_match_matchInfo_games_0_gameGold_9___typename,props_pageProps_match_matchInfo_games_0_gameGold_9_gameTime,props_pageProps_match_matchInfo_games_0_gameGold_9_goldDifference,props_pageProps_match_matchInfo_games_0_gameGold_9_team1Perid,props_pageProps_match_matchInfo_games_0_gameGold_9_team1TotalGold,props_pageProps_match_matchInfo_games_0_gameGold_9_team2Perid,props_pageProps_match_matchInfo_games_0_gameGold_9_team2TotalGold,props_pageProps_match_matchInfo_games_0_gameGold_10___typename,props_pageProps_match_matchInfo_games_0_gameGold_10_gameTime,props_pageProps_match_matchInfo_games_0_gameGold_10_goldDifference,props_pageProps_match_matchInfo_games_0_gameGold_10_team1Perid,props_pageProps_match_matchInfo_games_0_gameGold_10_team1TotalGold,props_pageProps_match_matchInfo_games_0_gameGold_10_team2Perid,props_pageProps_match_matchInfo_games_0_gameGold_10_team2TotalGold,props_pageProps_match_matchInfo_games_0_gameGold_11___typename,props_pageProps_match_matchInfo_games_0_gameGold_11_gameTime,props_pageProps_match_matchInfo_games_0_gameGold_11_goldDifference,props_pageProps_match_matchInfo_games_0_gameGold_11_team1Perid,props_pageProps_match_matchInfo_games_0_gameGold_11_team1TotalGold,props_pageProps_match_matchInfo_games_0_gameGold_11_team2Perid,props_pageProps_match_matchInfo_games_0_gameGold_11_team2TotalGold,props_pageProps_match_matchInfo_games_0_gameGold_12___typename,props_pageProps_match_matchInfo_games_0_gameGold_12_gameTime,props_pageProps_match_matchInfo_games_0_gameGold_12_goldDifference,props_pageProps_match_matchInfo_games_0_gameGold_12_team1Perid,props_pageProps_match_matchInfo_games_0_gameGold_12_team1TotalGold,props_pageProps_match_matchInfo_games_0_gameGold_12_team2Perid,props_pageProps_match_matchInfo_games_0_gameGold_12_team2TotalGold,props_pageProps_match_matchInfo_games_0_gameGold_13___typename,props_pageProps_match_matchInfo_games_0_gameGold_13_gameTime,props_pageProps_match_matchInfo_games_0_gameGold_13_goldDifference,props_pageProps_match_matchInfo_games_0_gameGold_13_team1Perid,props_pageProps_match_matchInfo_games_0_gameGold_13_team1TotalGold,props_pageProps_match_matchInfo_games_0_gameGold_13_team2Perid,props_pageProps_match_matchInfo_games_0_gameGold_13_team2TotalGold,props_pageProps_match_matchInfo_games_0_gameGold_14___typename,props_pageProps_match_matchInfo_games_0_gameGold_14_gameTime,props_pageProps_match_matchInfo_games_0_gameGold_14_goldDifference,props_pageProps_match_matchInfo_games_0_gameGold_14_team1Perid,props_pageProps_match_matchInfo_games_0_gameGold_14_team1TotalGold,props_pageProps_match_matchInfo_games_0_gameGold_14_team2Perid,props_pageProps_match_matchInfo_games_0_gameGold_14_team2TotalGold,props_pageProps_match_matchInfo_games_0_gameGold_15___typename,props_pageProps_match_matchInfo_games_0_gameGold_15_gameTime,props_pageProps_match_matchInfo_games_0_gameGold_15_goldDifference,props_pageProps_match_matchInfo_games_0_gameGold_15_team1Perid,props_pageProps_match_matchInfo_games_0_gameGold_15_team1TotalGold,props_pageProps_match_matchInfo_games_0_gameGold_15_team2Perid,props_pageProps_match_matchInfo_games_0_gameGold_15_team2TotalGold,props_pageProps_match_matchInfo_games_0_gameGold_16___typename,props_pageProps_match_matchInfo_games_0_gameGold_16_gameTime,props_pageProps_match_matchInfo_games_0_gameGold_16_goldDifference,props_pageProps_match_matchInfo_games_0_gameGold_16_team1Perid,props_pageProps_match_matchInfo_games_0_gameGold_16_team1TotalGold,props_pageProps_match_matchInfo_games_0_gameGold_16_team2Perid,props_pageProps_match_matchInfo_games_0_gameGold_16_team2TotalGold,props_pageProps_match_matchInfo_games_0_gameGold_17___typename,props_pageProps_match_matchInfo_games_0_gameGold_17_gameTime,props_pageProps_match_matchInfo_games_0_gameGold_17_goldDifference,props_pageProps_match_matchInfo_games_0_gameGold_17_team1Perid,props_pageProps_match_matchInfo_games_0_gameGold_17_team1TotalGold,props_pageProps_match_matchInfo_games_0_gameGold_17_team2Perid,props_pageProps_match_matchInfo_games_0_gameGold_17_team2TotalGold,props_pageProps_match_matchInfo_games_0_gameGold_18___typename,props_pageProps_match_matchInfo_games_0_gameGold_18_gameTime,props_pageProps_match_matchInfo_games_0_gameGold_18_goldDifference,props_pageProps_match_matchInfo_games_0_gameGold_18_team1Perid,props_pageProps_match_matchInfo_games_0_gameGold_18_team1TotalGold,props_pageProps_match_matchInfo_games_0_gameGold_18_team2Perid,props_pageProps_match_matchInfo_games_0_gameGold_18_team2TotalGold,props_pageProps_match_matchInfo_games_0_gameGold_19___typename,props_pageProps_match_matchInfo_games_0_gameGold_19_gameTime,props_pageProps_match_matchInfo_games_0_gameGold_19_goldDifference,props_pageProps_match_matchInfo_games_0_gameGold_19_team1Perid,props_pageProps_match_matchInfo_games_0_gameGold_19_team1TotalGold,props_pageProps_match_matchInfo_games_0_gameGold_19_team2Perid,props_pageProps_match_matchInfo_games_0_gameGold_19_team2TotalGold,props_pageProps_match_matchInfo_games_0_gameGold_20___typename,props_pageProps_match_matchInfo_games_0_gameGold_20_gameTime,props_pageProps_match_matchInfo_games_0_gameGold_20_goldDifference,props_pageProps_match_matchInfo_games_0_gameGold_20_team1Perid,props_pageProps_match_matchInfo_games_0_gameGold_20_team1TotalGold,props_pageProps_match_matchInfo_games_0_gameGold_20_team2Perid,props_pageProps_match_matchInfo_games_0_gameGold_20_team2TotalGold,props_pageProps_match_matchInfo_games_0_gameGold_21___typename,props_pageProps_match_matchInfo_games_0_gameGold_21_gameTime,props_pageProps_match_matchInfo_games_0_gameGold_21_goldDifference,props_pageProps_match_matchInfo_games_0_gameGold_21_team1Perid,props_pageProps_match_matchInfo_games_0_gameGold_21_team1TotalGold,props_pageProps_match_matchInfo_games_0_gameGold_21_team2Perid,props_pageProps_match_matchInfo_games_0_gameGold_21_team2TotalGold,props_pageProps_match_matchInfo_games_0_gameGold_22___typename,props_pageProps_match_matchInfo_games_0_gameGold_22_gameTime,props_pageProps_match_matchInfo_games_0_gameGold_22_goldDifference,props_pageProps_match_matchInfo_games_0_gameGold_22_team1Perid,props_pageProps_match_matchInfo_games_0_gameGold_22_team1TotalGold,props_pageProps_match_matchInfo_games_0_gameGold_22_team2Perid,props_pageProps_match_matchInfo_games_0_gameGold_22_team2TotalGold,props_pageProps_match_matchInfo_games_0_gameGold_23___typename,props_pageProps_match_matchInfo_games_0_gameGold_23_gameTime,props_pageProps_match_matchInfo_games_0_gameGold_23_goldDifference,props_pageProps_match_matchInfo_games_0_gameGold_23_team1Perid,props_pageProps_match_matchInfo_games_0_gameGold_23_team1TotalGold,props_pageProps_match_matchInfo_games_0_gameGold_23_team2Perid,props_pageProps_match_matchInfo_games_0_gameGold_23_team2TotalGold,props_pageProps_match_matchInfo_games_0_gameGold_24___typename,props_pageProps_match_matchInfo_games_0_gameGold_24_gameTime,props_pageProps_match_matchInfo_games_0_gameGold_24_goldDifference,props_pageProps_match_matchInfo_games_0_gameGold_24_team1Perid,props_pageProps_match_matchInfo_games_0_gameGold_24_team1TotalGold,props_pageProps_match_matchInfo_games_0_gameGold_24_team2Perid,props_pageProps_match_matchInfo_games_0_gameGold_24_team2TotalGold,props_pageProps_match_matchInfo_games_0_gameGold_25___typename,props_pageProps_match_matchInfo_games_0_gameGold_25_gameTime,props_pageProps_match_matchInfo_games_0_gameGold_25_goldDifference,props_pageProps_match_matchInfo_games_0_gameGold_25_team1Perid,props_pageProps_match_matchInfo_games_0_gameGold_25_team1TotalGold,props_pageProps_match_matchInfo_games_0_gameGold_25_team2Perid,props_pageProps_match_matchInfo_games_0_gameGold_25_team2TotalGold,props_pageProps_match_matchInfo_games_0_gameGold_26___typename,props_pageProps_match_matchInfo_games_0_gameGold_26_gameTime,props_pageProps_match_matchInfo_games_0_gameGold_26_goldDifference,props_pageProps_match_matchInfo_games_0_gameGold_26_team1Perid,props_pageProps_match_matchInfo_games_0_gameGold_26_team1TotalGold,props_pageProps_match_matchInfo_games_0_gameGold_26_team2Perid,props_pageProps_match_matchInfo_games_0_gameGold_26_team2TotalGold,props_pageProps_match_matchInfo_games_0_gameGold_27___typename,props_pageProps_match_matchInfo_games_0_gameGold_27_gameTime,props_pageProps_match_matchInfo_games_0_gameGold_27_goldDifference,props_pageProps_match_matchInfo_games_0_gameGold_27_team1Perid,props_pageProps_match_matchInfo_games_0_gameGold_27_team1TotalGold,props_pageProps_match_matchInfo_games_0_gameGold_27_team2Perid,props_pageProps_match_matchInfo_games_0_gameGold_27_team2TotalGold,props_pageProps_match_matchInfo_games_0_gameGold_28___typename,props_pageProps_match_matchInfo_games_0_gameGold_28_gameTime,props_pageProps_match_matchInfo_games_0_gameGold_28_goldDifference,props_pageProps_match_matchInfo_games_0_gameGold_28_team1Perid,props_pageProps_match_matchInfo_games_0_gameGold_28_team1TotalGold,props_pageProps_match_matchInfo_games_0_gameGold_28_team2Perid,props_pageProps_match_matchInfo_games_0_gameGold_28_team2TotalGold,props_pageProps_match_matchInfo_games_0_gameGold_29___typename,props_pageProps_match_matchInfo_games_0_gameGold_29_gameTime,props_pageProps_match_matchInfo_games_0_gameGold_29_goldDifference,props_pageProps_match_matchInfo_games_0_gameGold_29_team1Perid,props_pageProps_match_matchInfo_games_0_gameGold_29_team1TotalGold,props_pageProps_match_matchInfo_games_0_gameGold_29_team2Perid,props_pageProps_match_matchInfo_games_0_gameGold_29_team2TotalGold,props_pageProps_match_matchInfo_games_0_gameGold_30___typename,props_pageProps_match_matchInfo_games_0_gameGold_30_gameTime,props_pageProps_match_matchInfo_games_0_gameGold_30_goldDifference,props_pageProps_match_matchInfo_games_0_gameGold_30_team1Perid,props_pageProps_match_matchInfo_games_0_gameGold_30_team1TotalGold,props_pageProps_match_matchInfo_games_0_gameGold_30_team2Perid,props_pageProps_match_matchInfo_games_0_gameGold_30_team2TotalGold,props_pageProps_match_matchInfo_games_0_gameGold_31___typename,props_pageProps_match_matchInfo_games_0_gameGold_31_gameTime,props_pageProps_match_matchInfo_games_0_gameGold_31_goldDifference,props_pageProps_match_matchInfo_games_0_gameGold_31_team1Perid,props_pageProps_match_matchInfo_games_0_gameGold_31_team1TotalGold,props_pageProps_match_matchInfo_games_0_gameGold_31_team2Perid,props_pageProps_match_matchInfo_games_0_gameGold_31_team2TotalGold,props_pageProps_match_matchInfo_games_0_gameGold_32___typename,props_pageProps_match_matchInfo_games_0_gameGold_32_gameTime,props_pageProps_match_matchInfo_games_0_gameGold_32_goldDifference,props_pageProps_match_matchInfo_games_0_gameGold_32_team1Perid,props_pageProps_match_matchInfo_games_0_gameGold_32_team1TotalGold,props_pageProps_match_matchInfo_games_0_gameGold_32_team2Perid,props_pageProps_match_matchInfo_games_0_gameGold_32_team2TotalGold,props_pageProps_match_matchInfo_games_0_gameGold_33___typename,props_pageProps_match_matchInfo_games_0_gameGold_33_gameTime,props_pageProps_match_matchInfo_games_0_gameGold_33_goldDifference,props_pageProps_match_matchInfo_games_0_gameGold_33_team1Perid,props_pageProps_match_matchInfo_games_0_gameGold_33_team1TotalGold,props_pageProps_match_matchInfo_games_0_gameGold_33_team2Perid,props_pageProps_match_matchInfo_games_0_gameGold_33_team2TotalGold,props_pageProps_match_matchInfo_games_0_gameGold_34___typename,props_pageProps_match_matchInfo_games_0_gameGold_34_gameTime,props_pageProps_match_matchInfo_games_0_gameGold_34_goldDifference,props_pageProps_match_matchInfo_games_0_gameGold_34_team1Perid,props_pageProps_match_matchInfo_games_0_gameGold_34_team1TotalGold,props_pageProps_match_matchInfo_games_0_gameGold_34_team2Perid,props_pageProps_match_matchInfo_games_0_gameGold_34_team2TotalGold,props_pageProps_match_matchInfo_games_0_gameGold_35___typename,props_pageProps_match_matchInfo_games_0_gameGold_35_gameTime,props_pageProps_match_matchInfo_games_0_gameGold_35_goldDifference,props_pageProps_match_matchInfo_games_0_gameGold_35_team1Perid,props_pageProps_match_matchInfo_games_0_gameGold_35_team1TotalGold,props_pageProps_match_matchInfo_games_0_gameGold_35_team2Perid,props_pageProps_match_matchInfo_games_0_gameGold_35_team2TotalGold,props_pageProps_match_matchInfo_games_0_gameGold_36___typename,props_pageProps_match_matchInfo_games_0_gameGold_36_gameTime,props_pageProps_match_matchInfo_games_0_gameGold_36_goldDifference,props_pageProps_match_matchInfo_games_0_gameGold_36_team1Perid,props_pageProps_match_matchInfo_games_0_gameGold_36_team1TotalGold,props_pageProps_match_matchInfo_games_0_gameGold_36_team2Perid,props_pageProps_match_matchInfo_games_0_gameGold_36_team2TotalGold,props_pageProps_match_matchInfo_games_0_gameGold_37___typename,props_pageProps_match_matchInfo_games_0_gameGold_37_gameTime,props_pageProps_match_matchInfo_games_0_gameGold_37_goldDifference,props_pageProps_match_matchInfo_games_0_gameGold_37_team1Perid,props_pageProps_match_matchInfo_games_0_gameGold_37_team1TotalGold,props_pageProps_match_matchInfo_games_0_gameGold_37_team2Perid,props_pageProps_match_matchInfo_games_0_gameGold_37_team2TotalGold,props_pageProps_match_matchInfo_games_0_gameGold_38___typename,props_pageProps_match_matchInfo_games_0_gameGold_38_gameTime,props_pageProps_match_matchInfo_games_0_gameGold_38_goldDifference,props_pageProps_match_matchInfo_games_0_gameGold_38_team1Perid,props_pageProps_match_matchInfo_games_0_gameGold_38_team1TotalGold,props_pageProps_match_matchInfo_games_0_gameGold_38_team2Perid,props_pageProps_match_matchInfo_games_0_gameGold_38_team2TotalGold,props_pageProps_match_matchInfo_games_0_gameGold_39___typename,props_pageProps_match_matchInfo_games_0_gameGold_39_gameTime,props_pageProps_match_matchInfo_games_0_gameGold_39_goldDifference,props_pageProps_match_matchInfo_games_0_gameGold_39_team1Perid,props_pageProps_match_matchInfo_games_0_gameGold_39_team1TotalGold,props_pageProps_match_matchInfo_games_0_gameGold_39_team2Perid,props_pageProps_match_matchInfo_games_0_gameGold_39_team2TotalGold,props_pageProps_match_matchInfo_games_0_gameGold_40___typename,props_pageProps_match_matchInfo_games_0_gameGold_40_gameTime,props_pageProps_match_matchInfo_games_0_gameGold_40_goldDifference,props_pageProps_match_matchInfo_games_0_gameGold_40_team1Perid,props_pageProps_match_matchInfo_games_0_gameGold_40_team1TotalGold,props_pageProps_match_matchInfo_games_0_gameGold_40_team2Perid,props_pageProps_match_matchInfo_games_0_gameGold_40_team2TotalGold,props_pageProps_match_matchInfo_games_0_gameGold_41___typename,props_pageProps_match_matchInfo_games_0_gameGold_41_gameTime,props_pageProps_match_matchInfo_games_0_gameGold_41_goldDifference,props_pageProps_match_matchInfo_games_0_gameGold_41_team1Perid,props_pageProps_match_matchInfo_games_0_gameGold_41_team1TotalGold,props_pageProps_match_matchInfo_games_0_gameGold_41_team2Perid,props_pageProps_match_matchInfo_games_0_gameGold_41_team2TotalGold,props_pageProps_match_matchInfo_games_0_gameGold_42___typename,props_pageProps_match_matchInfo_games_0_gameGold_42_gameTime,props_pageProps_match_matchInfo_games_0_gameGold_42_goldDifference,props_pageProps_match_matchInfo_games_0_gameGold_42_team1Perid,props_pageProps_match_matchInfo_games_0_gameGold_42_team1TotalGold,props_pageProps_match_matchInfo_games_0_gameGold_42_team2Perid,props_pageProps_match_matchInfo_games_0_gameGold_42_team2TotalGold,props_pageProps_match_matchInfo_games_0_gameGold_43___typename,props_pageProps_match_matchInfo_games_0_gameGold_43_gameTime,props_pageProps_match_matchInfo_games_0_gameGold_43_goldDifference,props_pageProps_match_matchInfo_games_0_gameGold_43_team1Perid,props_pageProps_match_matchInfo_games_0_gameGold_43_team1TotalGold,props_pageProps_match_matchInfo_games_0_gameGold_43_team2Perid,props_pageProps_match_matchInfo_games_0_gameGold_43_team2TotalGold,props_pageProps_match_matchInfo_games_0_gameGold_44___typename,props_pageProps_match_matchInfo_games_0_gameGold_44_gameTime,props_pageProps_match_matchInfo_games_0_gameGold_44_goldDifference,props_pageProps_match_matchInfo_games_0_gameGold_44_team1Perid,props_pageProps_match_matchInfo_games_0_gameGold_44_team1TotalGold,props_pageProps_match_matchInfo_games_0_gameGold_44_team2Perid,props_pageProps_match_matchInfo_games_0_gameGold_44_team2TotalGold,props_pageProps_match_matchInfo_games_0_gameGold_45___typename,props_pageProps_match_matchInfo_games_0_gameGold_45_gameTime,props_pageProps_match_matchInfo_games_0_gameGold_45_goldDifference,props_pageProps_match_matchInfo_games_0_gameGold_45_team1Perid,props_pageProps_match_matchInfo_games_0_gameGold_45_team1TotalGold,props_pageProps_match_matchInfo_games_0_gameGold_45_team2Perid,props_pageProps_match_matchInfo_games_0_gameGold_45_team2TotalGold,props_pageProps_match_matchInfo_games_0_gameGold_46___typename,props_pageProps_match_matchInfo_games_0_gameGold_46_gameTime,props_pageProps_match_matchInfo_games_0_gameGold_46_goldDifference,props_pageProps_match_matchInfo_games_0_gameGold_46_team1Perid,props_pageProps_match_matchInfo_games_0_gameGold_46_team1TotalGold,props_pageProps_match_matchInfo_games_0_gameGold_46_team2Perid,props_pageProps_match_matchInfo_games_0_gameGold_46_team2TotalGold,props_pageProps_match_matchInfo_games_0_gameGold_47___typename,props_pageProps_match_matchInfo_games_0_gameGold_47_gameTime,props_pageProps_match_matchInfo_games_0_gameGold_47_goldDifference,props_pageProps_match_matchInfo_games_0_gameGold_47_team1Perid,props_pageProps_match_matchInfo_games_0_gameGold_47_team1TotalGold,props_pageProps_match_matchInfo_games_0_gameGold_47_team2Perid,props_pageProps_match_matchInfo_games_0_gameGold_47_team2TotalGold,props_pageProps_match_matchInfo_games_0_gameGold_48___typename,props_pageProps_match_matchInfo_games_0_gameGold_48_gameTime,props_pageProps_match_matchInfo_games_0_gameGold_48_goldDifference,props_pageProps_match_matchInfo_games_0_gameGold_48_team1Perid,props_pageProps_match_matchInfo_games_0_gameGold_48_team1TotalGold,props_pageProps_match_matchInfo_games_0_gameGold_48_team2Perid,props_pageProps_match_matchInfo_games_0_gameGold_48_team2TotalGold,props_pageProps_match_matchInfo_games_0_gameGold_49___typename,props_pageProps_match_matchInfo_games_0_gameGold_49_gameTime,props_pageProps_match_matchInfo_games_0_gameGold_49_goldDifference,props_pageProps_match_matchInfo_games_0_gameGold_49_team1Perid,props_pageProps_match_matchInfo_games_0_gameGold_49_team1TotalGold,props_pageProps_match_matchInfo_games_0_gameGold_49_team2Perid,props_pageProps_match_matchInfo_games_0_gameGold_49_team2TotalGold,props_pageProps_match_matchInfo_games_0_gameGold_50___typename,props_pageProps_match_matchInfo_games_0_gameGold_50_gameTime,props_pageProps_match_matchInfo_games_0_gameGold_50_goldDifference,props_pageProps_match_matchInfo_games_0_gameGold_50_team1Perid,props_pageProps_match_matchInfo_games_0_gameGold_50_team1TotalGold,props_pageProps_match_matchInfo_games_0_gameGold_50_team2Perid,props_pageProps_match_matchInfo_games_0_gameGold_50_team2TotalGold,props_pageProps_match_matchInfo_games_0_gameGold_51___typename,props_pageProps_match_matchInfo_games_0_gameGold_51_gameTime,props_pageProps_match_matchInfo_games_0_gameGold_51_goldDifference,props_pageProps_match_matchInfo_games_0_gameGold_51_team1Perid,props_pageProps_match_matchInfo_games_0_gameGold_51_team1TotalGold,props_pageProps_match_matchInfo_games_0_gameGold_51_team2Perid,props_pageProps_match_matchInfo_games_0_gameGold_51_team2TotalGold,props_pageProps_match_matchInfo_games_0_gameGold_52___typename,props_pageProps_match_matchInfo_games_0_gameGold_52_gameTime,props_pageProps_match_matchInfo_games_0_gameGold_52_goldDifference,props_pageProps_match_matchInfo_games_0_gameGold_52_team1Perid,props_pageProps_match_matchInfo_games_0_gameGold_52_team1TotalGold,props_pageProps_match_matchInfo_games_0_gameGold_52_team2Perid,props_pageProps_match_matchInfo_games_0_gameGold_52_team2TotalGold,props_pageProps_match_matchInfo_games_0_gameGold_53___typename,props_pageProps_match_matchInfo_games_0_gameGold_53_gameTime,props_pageProps_match_matchInfo_games_0_gameGold_53_goldDifference,props_pageProps_match_matchInfo_games_0_gameGold_53_team1Perid,props_pageProps_match_matchInfo_games_0_gameGold_53_team1TotalGold,props_pageProps_match_matchInfo_games_0_gameGold_53_team2Perid,props_pageProps_match_matchInfo_games_0_gameGold_53_team2TotalGold,props_pageProps_match_matchInfo_games_0_gameGold_54___typename,props_pageProps_match_matchInfo_games_0_gameGold_54_gameTime,props_pageProps_match_matchInfo_games_0_gameGold_54_goldDifference,props_pageProps_match_matchInfo_games_0_gameGold_54_team1Perid,props_pageProps_match_matchInfo_games_0_gameGold_54_team1TotalGold,props_pageProps_match_matchInfo_games_0_gameGold_54_team2Perid,props_pageProps_match_matchInfo_games_0_gameGold_54_team2TotalGold,props_pageProps_match_matchInfo_games_0_gameGold_55___typename,props_pageProps_match_matchInfo_games_0_gameGold_55_gameTime,props_pageProps_match_matchInfo_games_0_gameGold_55_goldDifference,props_pageProps_match_matchInfo_games_0_gameGold_55_team1Perid,props_pageProps_match_matchInfo_games_0_gameGold_55_team1TotalGold,props_pageProps_match_matchInfo_games_0_gameGold_55_team2Perid,props_pageProps_match_matchInfo_games_0_gameGold_55_team2TotalGold,props_pageProps_match_matchInfo_games_0_gameGold_56___typename,props_pageProps_match_matchInfo_games_0_gameGold_56_gameTime,props_pageProps_match_matchInfo_games_0_gameGold_56_goldDifference,props_pageProps_match_matchInfo_games_0_gameGold_56_team1Perid,props_pageProps_match_matchInfo_games_0_gameGold_56_team1TotalGold,props_pageProps_match_matchInfo_games_0_gameGold_56_team2Perid,props_pageProps_match_matchInfo_games_0_gameGold_56_team2TotalGold,props_pageProps_match_matchInfo_games_0_gameGold_57___typename,props_pageProps_match_matchInfo_games_0_gameGold_57_gameTime,props_pageProps_match_matchInfo_games_0_gameGold_57_goldDifference,props_pageProps_match_matchInfo_games_0_gameGold_57_team1Perid,props_pageProps_match_matchInfo_games_0_gameGold_57_team1TotalGold,props_pageProps_match_matchInfo_games_0_gameGold_57_team2Perid,props_pageProps_match_matchInfo_games_0_gameGold_57_team2TotalGold,props_pageProps_match_matchInfo_games_0_gameGold_58___typename,props_pageProps_match_matchInfo_games_0_gameGold_58_gameTime,props_pageProps_match_matchInfo_games_0_gameGold_58_goldDifference,props_pageProps_match_matchInfo_games_0_gameGold_58_team1Perid,props_pageProps_match_matchInfo_games_0_gameGold_58_team1TotalGold,props_pageProps_match_matchInfo_games_0_gameGold_58_team2Perid,props_pageProps_match_matchInfo_games_0_gameGold_58_team2TotalGold,props_pageProps_match_matchInfo_games_0_gameGold_59___typename,props_pageProps_match_matchInfo_games_0_gameGold_59_gameTime,props_pageProps_match_matchInfo_games_0_gameGold_59_goldDifference,props_pageProps_match_matchInfo_games_0_gameGold_59_team1Perid,props_pageProps_match_matchInfo_games_0_gameGold_59_team1TotalGold,props_pageProps_match_matchInfo_games_0_gameGold_59_team2Perid,props_pageProps_match_matchInfo_games_0_gameGold_59_team2TotalGold,props_pageProps_match_matchInfo_games_0_gameGold_60___typename,props_pageProps_match_matchInfo_games_0_gameGold_60_gameTime,props_pageProps_match_matchInfo_games_0_gameGold_60_goldDifference,props_pageProps_match_matchInfo_games_0_gameGold_60_team1Perid,props_pageProps_match_matchInfo_games_0_gameGold_60_team1TotalGold,props_pageProps_match_matchInfo_games_0_gameGold_60_team2Perid,props_pageProps_match_matchInfo_games_0_gameGold_60_team2TotalGold,props_pageProps_match_matchInfo_games_0_gameGold_61___typename,props_pageProps_match_matchInfo_games_0_gameGold_61_gameTime,props_pageProps_match_matchInfo_games_0_gameGold_61_goldDifference,props_pageProps_match_matchInfo_games_0_gameGold_61_team1Perid,props_pageProps_match_matchInfo_games_0_gameGold_61_team1TotalGold,props_pageProps_match_matchInfo_games_0_gameGold_61_team2Perid,props_pageProps_match_matchInfo_games_0_gameGold_61_team2TotalGold,props_pageProps_match_matchInfo_games_0_gameGold_62___typename,props_pageProps_match_matchInfo_games_0_gameGold_62_gameTime,props_pageProps_match_matchInfo_games_0_gameGold_62_goldDifference,props_pageProps_match_matchInfo_games_0_gameGold_62_team1Perid,props_pageProps_match_matchInfo_games_0_gameGold_62_team1TotalGold,props_pageProps_match_matchInfo_games_0_gameGold_62_team2Perid,props_pageProps_match_matchInfo_games_0_gameGold_62_team2TotalGold,props_pageProps_match_matchInfo_games_0_gameGold_63___typename,props_pageProps_match_matchInfo_games_0_gameGold_63_gameTime,props_pageProps_match_matchInfo_games_0_gameGold_63_goldDifference,props_pageProps_match_matchInfo_games_0_gameGold_63_team1Perid,props_pageProps_match_matchInfo_games_0_gameGold_63_team1TotalGold,props_pageProps_match_matchInfo_games_0_gameGold_63_team2Perid,props_pageProps_match_matchInfo_games_0_gameGold_63_team2TotalGold,props_pageProps_match_matchInfo_games_0_gameGold_64___typename,props_pageProps_match_matchInfo_games_0_gameGold_64_gameTime,props_pageProps_match_matchInfo_games_0_gameGold_64_goldDifference,props_pageProps_match_matchInfo_games_0_gameGold_64_team1Perid,props_pageProps_match_matchInfo_games_0_gameGold_64_team1TotalGold,props_pageProps_match_matchInfo_games_0_gameGold_64_team2Perid,props_pageProps_match_matchInfo_games_0_gameGold_64_team2TotalGold,props_pageProps_match_matchInfo_games_0_gameGold_65___typename,props_pageProps_match_matchInfo_games_0_gameGold_65_gameTime,props_pageProps_match_matchInfo_games_0_gameGold_65_goldDifference,props_pageProps_match_matchInfo_games_0_gameGold_65_team1Perid,props_pageProps_match_matchInfo_games_0_gameGold_65_team1TotalGold,props_pageProps_match_matchInfo_games_0_gameGold_65_team2Perid,props_pageProps_match_matchInfo_games_0_gameGold_65_team2TotalGold,props_pageProps_match_matchInfo_games_0_gameGold_66___typename,props_pageProps_match_matchInfo_games_0_gameGold_66_gameTime,props_pageProps_match_matchInfo_games_0_gameGold_66_goldDifference,props_pageProps_match_matchInfo_games_0_gameGold_66_team1Perid,props_pageProps_match_matchInfo_games_0_gameGold_66_team1TotalGold,props_pageProps_match_matchInfo_games_0_gameGold_66_team2Perid,props_pageProps_match_matchInfo_games_0_gameGold_66_team2TotalGold,props_pageProps_match_matchInfo_games_0_gameGold_67___typename,props_pageProps_match_matchInfo_games_0_gameGold_67_gameTime,props_pageProps_match_matchInfo_games_0_gameGold_67_goldDifference,props_pageProps_match_matchInfo_games_0_gameGold_67_team1Perid,props_pageProps_match_matchInfo_games_0_gameGold_67_team1TotalGold,props_pageProps_match_matchInfo_games_0_gameGold_67_team2Perid,props_pageProps_match_matchInfo_games_0_gameGold_67_team2TotalGold,props_pageProps_match_matchInfo_games_0_gameGold_68___typename,props_pageProps_match_matchInfo_games_0_gameGold_68_gameTime,props_pageProps_match_matchInfo_games_0_gameGold_68_goldDifference,props_pageProps_match_matchInfo_games_0_gameGold_68_team1Perid,props_pageProps_match_matchInfo_games_0_gameGold_68_team1TotalGold,props_pageProps_match_matchInfo_games_0_gameGold_68_team2Perid,props_pageProps_match_matchInfo_games_0_gameGold_68_team2TotalGold,props_pageProps_match_matchInfo_games_0_gameGold_69___typename,props_pageProps_match_matchInfo_games_0_gameGold_69_gameTime,props_pageProps_match_matchInfo_games_0_gameGold_69_goldDifference,props_pageProps_match_matchInfo_games_0_gameGold_69_team1Perid,props_pageProps_match_matchInfo_games_0_gameGold_69_team1TotalGold,props_pageProps_match_matchInfo_games_0_gameGold_69_team2Perid,props_pageProps_match_matchInfo_games_0_gameGold_69_team2TotalGold,props_pageProps_match_matchInfo_games_0_gameGold_70___typename,props_pageProps_match_matchInfo_games_0_gameGold_70_gameTime,props_pageProps_match_matchInfo_games_0_gameGold_70_goldDifference,props_pageProps_match_matchInfo_games_0_gameGold_70_team1Perid,props_pageProps_match_matchInfo_games_0_gameGold_70_team1TotalGold,props_pageProps_match_matchInfo_games_0_gameGold_70_team2Perid,props_pageProps_match_matchInfo_games_0_gameGold_70_team2TotalGold,props_pageProps_match_matchInfo_games_0_gameGold_71___typename,props_pageProps_match_matchInfo_games_0_gameGold_71_gameTime,props_pageProps_match_matchInfo_games_0_gameGold_71_goldDifference,props_pageProps_match_matchInfo_games_0_gameGold_71_team1Perid,props_pageProps_match_matchInfo_games_0_gameGold_71_team1TotalGold,props_pageProps_match_matchInfo_games_0_gameGold_71_team2Perid,props_pageProps_match_matchInfo_games_0_gameGold_71_team2TotalGold,props_pageProps_match_matchInfo_games_0_gameGold_72___typename,props_pageProps_match_matchInfo_games_0_gameGold_72_gameTime,props_pageProps_match_matchInfo_games_0_gameGold_72_goldDifference,props_pageProps_match_matchInfo_games_0_gameGold_72_team1Perid,props_pageProps_match_matchInfo_games_0_gameGold_72_team1TotalGold,props_pageProps_match_matchInfo_games_0_gameGold_72_team2Perid,props_pageProps_match_matchInfo_games_0_gameGold_72_team2TotalGold,props_pageProps_match_matchInfo_games_0_gameGold_73___typename,props_pageProps_match_matchInfo_games_0_gameGold_73_gameTime,props_pageProps_match_matchInfo_games_0_gameGold_73_goldDifference,props_pageProps_match_matchInfo_games_0_gameGold_73_team1Perid,props_pageProps_match_matchInfo_games_0_gameGold_73_team1TotalGold,props_pageProps_match_matchInfo_games_0_gameGold_73_team2Perid,props_pageProps_match_matchInfo_games_0_gameGold_73_team2TotalGold,props_pageProps_match_matchInfo_games_0_gameGold_74___typename,props_pageProps_match_matchInfo_games_0_gameGold_74_gameTime,props_pageProps_match_matchInfo_games_0_gameGold_74_goldDifference,props_pageProps_match_matchInfo_games_0_gameGold_74_team1Perid,props_pageProps_match_matchInfo_games_0_gameGold_74_team1TotalGold,props_pageProps_match_matchInfo_games_0_gameGold_74_team2Perid,props_pageProps_match_matchInfo_games_0_gameGold_74_team2TotalGold,props_pageProps_match_matchInfo_games_0_gameGold_75___typename,props_pageProps_match_matchInfo_games_0_gameGold_75_gameTime,props_pageProps_match_matchInfo_games_0_gameGold_75_goldDifference,props_pageProps_match_matchInfo_games_0_gameGold_75_team1Perid,props_pageProps_match_matchInfo_games_0_gameGold_75_team1TotalGold,props_pageProps_match_matchInfo_games_0_gameGold_75_team2Perid,props_pageProps_match_matchInfo_games_0_gameGold_75_team2TotalGold,props_pageProps_match_matchInfo_games_0_gameGold_76___typename,props_pageProps_match_matchInfo_games_0_gameGold_76_gameTime,props_pageProps_match_matchInfo_games_0_gameGold_76_goldDifference,props_pageProps_match_matchInfo_games_0_gameGold_76_team1Perid,props_pageProps_match_matchInfo_games_0_gameGold_76_team1TotalGold,props_pageProps_match_matchInfo_games_0_gameGold_76_team2Perid,props_pageProps_match_matchInfo_games_0_gameGold_76_team2TotalGold,props_pageProps_match_matchInfo_games_0_gameGold_77___typename,props_pageProps_match_matchInfo_games_0_gameGold_77_gameTime,props_pageProps_match_matchInfo_games_0_gameGold_77_goldDifference,props_pageProps_match_matchInfo_games_0_gameGold_77_team1Perid,props_pageProps_match_matchInfo_games_0_gameGold_77_team1TotalGold,props_pageProps_match_matchInfo_games_0_gameGold_77_team2Perid,props_pageProps_match_matchInfo_games_0_gameGold_77_team2TotalGold,props_pageProps_match_matchInfo_games_0_gameGold_78___typename,props_pageProps_match_matchInfo_games_0_gameGold_78_gameTime,props_pageProps_match_matchInfo_games_0_gameGold_78_goldDifference,props_pageProps_match_matchInfo_games_0_gameGold_78_team1Perid,props_pageProps_match_matchInfo_games_0_gameGold_78_team1TotalGold,props_pageProps_match_matchInfo_games_0_gameGold_78_team2Perid,props_pageProps_match_matchInfo_games_0_gameGold_78_team2TotalGold,props_pageProps_match_matchInfo_games_0_gameGold_79___typename,props_pageProps_match_matchInfo_games_0_gameGold_79_gameTime,props_pageProps_match_matchInfo_games_0_gameGold_79_goldDifference,props_pageProps_match_matchInfo_games_0_gameGold_79_team1Perid,props_pageProps_match_matchInfo_games_0_gameGold_79_team1TotalGold,props_pageProps_match_matchInfo_games_0_gameGold_79_team2Perid,props_pageProps_match_matchInfo_games_0_gameGold_79_team2TotalGold,props_pageProps_match_matchInfo_games_0_gameGold_80___typename,props_pageProps_match_matchInfo_games_0_gameGold_80_gameTime,props_pageProps_match_matchInfo_games_0_gameGold_80_goldDifference,props_pageProps_match_matchInfo_games_0_gameGold_80_team1Perid,props_pageProps_match_matchInfo_games_0_gameGold_80_team1TotalGold,props_pageProps_match_matchInfo_games_0_gameGold_80_team2Perid,props_pageProps_match_matchInfo_games_0_gameGold_80_team2TotalGold,props_pageProps_match_matchInfo_games_0_gameGold_81___typename,props_pageProps_match_matchInfo_games_0_gameGold_81_gameTime,props_pageProps_match_matchInfo_games_0_gameGold_81_goldDifference,props_pageProps_match_matchInfo_games_0_gameGold_81_team1Perid,props_pageProps_match_matchInfo_games_0_gameGold_81_team1TotalGold,props_pageProps_match_matchInfo_games_0_gameGold_81_team2Perid,props_pageProps_match_matchInfo_games_0_gameGold_81_team2TotalGold,props_pageProps_match_matchInfo_games_0_gameGold_82___typename,props_pageProps_match_matchInfo_games_0_gameGold_82_gameTime,props_pageProps_match_matchInfo_games_0_gameGold_82_goldDifference,props_pageProps_match_matchInfo_games_0_gameGold_82_team1Perid,props_pageProps_match_matchInfo_games_0_gameGold_82_team1TotalGold,props_pageProps_match_matchInfo_games_0_gameGold_82_team2Perid,props_pageProps_match_matchInfo_games_0_gameGold_82_team2TotalGold,props_pageProps_match_matchInfo_games_0_gameGold_83___typename,props_pageProps_match_matchInfo_games_0_gameGold_83_gameTime,props_pageProps_match_matchInfo_games_0_gameGold_83_goldDifference,props_pageProps_match_matchInfo_games_0_gameGold_83_team1Perid,props_pageProps_match_matchInfo_games_0_gameGold_83_team1TotalGold,props_pageProps_match_matchInfo_games_0_gameGold_83_team2Perid,props_pageProps_match_matchInfo_games_0_gameGold_83_team2TotalGold,props_pageProps_match_matchInfo_games_0_gameGold_84___typename,props_pageProps_match_matchInfo_games_0_gameGold_84_gameTime,props_pageProps_match_matchInfo_games_0_gameGold_84_goldDifference,props_pageProps_match_matchInfo_games_0_gameGold_84_team1Perid,props_pageProps_match_matchInfo_games_0_gameGold_84_team1TotalGold,props_pageProps_match_matchInfo_games_0_gameGold_84_team2Perid,props_pageProps_match_matchInfo_games_0_gameGold_84_team2TotalGold,props_pageProps_match_matchInfo_games_0_gameGold_85___typename,props_pageProps_match_matchInfo_games_0_gameGold_85_gameTime,props_pageProps_match_matchInfo_games_0_gameGold_85_goldDifference,props_pageProps_match_matchInfo_games_0_gameGold_85_team1Perid,props_pageProps_match_matchInfo_games_0_gameGold_85_team1TotalGold,props_pageProps_match_matchInfo_games_0_gameGold_85_team2Perid,props_pageProps_match_matchInfo_games_0_gameGold_85_team2TotalGold,props_pageProps_match_matchInfo_games_0_gameGold_86___typename,props_pageProps_match_matchInfo_games_0_gameGold_86_gameTime,props_pageProps_match_matchInfo_games_0_gameGold_86_goldDifference,props_pageProps_match_matchInfo_games_0_gameGold_86_team1Perid,props_pageProps_match_matchInfo_games_0_gameGold_86_team1TotalGold,props_pageProps_match_matchInfo_games_0_gameGold_86_team2Perid,props_pageProps_match_matchInfo_games_0_gameGold_86_team2TotalGold,props_pageProps_match_matchInfo_games_0_gameGold_87___typename,props_pageProps_match_matchInfo_games_0_gameGold_87_gameTime,props_pageProps_match_matchInfo_games_0_gameGold_87_goldDifference,props_pageProps_match_matchInfo_games_0_gameGold_87_team1Perid,props_pageProps_match_matchInfo_games_0_gameGold_87_team1TotalGold,props_pageProps_match_matchInfo_games_0_gameGold_87_team2Perid,props_pageProps_match_matchInfo_games_0_gameGold_87_team2TotalGold,props_pageProps_match_matchInfo_games_0_gameGold_88___typename,props_pageProps_match_matchInfo_games_0_gameGold_88_gameTime,props_pageProps_match_matchInfo_games_0_gameGold_88_goldDifference,props_pageProps_match_matchInfo_games_0_gameGold_88_team1Perid,props_pageProps_match_matchInfo_games_0_gameGold_88_team1TotalGold,props_pageProps_match_matchInfo_games_0_gameGold_88_team2Perid,props_pageProps_match_matchInfo_games_0_gameGold_88_team2TotalGold,props_pageProps_match_matchInfo_games_0_gameGold_89___typename,props_pageProps_match_matchInfo_games_0_gameGold_89_gameTime,props_pageProps_match_matchInfo_games_0_gameGold_89_goldDifference,props_pageProps_match_matchInfo_games_0_gameGold_89_team1Perid,props_pageProps_match_matchInfo_games_0_gameGold_89_team1TotalGold,props_pageProps_match_matchInfo_games_0_gameGold_89_team2Perid,props_pageProps_match_matchInfo_games_0_gameGold_89_team2TotalGold,props_pageProps_match_matchInfo_games_0_gameGold_90___typename,props_pageProps_match_matchInfo_games_0_gameGold_90_gameTime,props_pageProps_match_matchInfo_games_0_gameGold_90_goldDifference,props_pageProps_match_matchInfo_games_0_gameGold_90_team1Perid,props_pageProps_match_matchInfo_games_0_gameGold_90_team1TotalGold,props_pageProps_match_matchInfo_games_0_gameGold_90_team2Perid,props_pageProps_match_matchInfo_games_0_gameGold_90_team2TotalGold,props_pageProps_match_matchInfo_games_0_gameGold_91___typename,props_pageProps_match_matchInfo_games_0_gameGold_91_gameTime,props_pageProps_match_matchInfo_games_0_gameGold_91_goldDifference,props_pageProps_match_matchInfo_games_0_gameGold_91_team1Perid,props_pageProps_match_matchInfo_games_0_gameGold_91_team1TotalGold,props_pageProps_match_matchInfo_games_0_gameGold_91_team2Perid,props_pageProps_match_matchInfo_games_0_gameGold_91_team2TotalGold,props_pageProps_match_matchInfo_games_0_gameGold_92___typename,props_pageProps_match_matchInfo_games_0_gameGold_92_gameTime,props_pageProps_match_matchInfo_games_0_gameGold_92_goldDifference,props_pageProps_match_matchInfo_games_0_gameGold_92_team1Perid,props_pageProps_match_matchInfo_games_0_gameGold_92_team1TotalGold,props_pageProps_match_matchInfo_games_0_gameGold_92_team2Perid,props_pageProps_match_matchInfo_games_0_gameGold_92_team2TotalGold,props_pageProps_match_matchInfo_games_0_gameGold_93___typename,props_pageProps_match_matchInfo_games_0_gameGold_93_gameTime,props_pageProps_match_matchInfo_games_0_gameGold_93_goldDifference,props_pageProps_match_matchInfo_games_0_gameGold_93_team1Perid,props_pageProps_match_matchInfo_games_0_gameGold_93_team1TotalGold,props_pageProps_match_matchInfo_games_0_gameGold_93_team2Perid,props_pageProps_match_matchInfo_games_0_gameGold_93_team2TotalGold,props_pageProps_match_matchInfo_games_0_gameGold_94___typename,props_pageProps_match_matchInfo_games_0_gameGold_94_gameTime,props_pageProps_match_matchInfo_games_0_gameGold_94_goldDifference,props_pageProps_match_matchInfo_games_0_gameGold_94_team1Perid,props_pageProps_match_matchInfo_games_0_gameGold_94_team1TotalGold,props_pageProps_match_matchInfo_games_0_gameGold_94_team2Perid,props_pageProps_match_matchInfo_games_0_gameGold_94_team2TotalGold,props_pageProps_match_matchInfo_games_0_gameGold_95___typename,props_pageProps_match_matchInfo_games_0_gameGold_95_gameTime,props_pageProps_match_matchInfo_games_0_gameGold_95_goldDifference,props_pageProps_match_matchInfo_games_0_gameGold_95_team1Perid,props_pageProps_match_matchInfo_games_0_gameGold_95_team1TotalGold,props_pageProps_match_matchInfo_games_0_gameGold_95_team2Perid,props_pageProps_match_matchInfo_games_0_gameGold_95_team2TotalGold,props_pageProps_match_matchInfo_games_0_gameGold_96___typename,props_pageProps_match_matchInfo_games_0_gameGold_96_gameTime,props_pageProps_match_matchInfo_games_0_gameGold_96_goldDifference,props_pageProps_match_matchInfo_games_0_gameGold_96_team1Perid,props_pageProps_match_matchInfo_games_0_gameGold_96_team1TotalGold,props_pageProps_match_matchInfo_games_0_gameGold_96_team2Perid,props_pageProps_match_matchInfo_games_0_gameGold_96_team2TotalGold,props_pageProps_match_matchInfo_games_0_gameGold_97___typename,props_pageProps_match_matchInfo_games_0_gameGold_97_gameTime,props_pageProps_match_matchInfo_games_0_gameGold_97_goldDifference,props_pageProps_match_matchInfo_games_0_gameGold_97_team1Perid,props_pageProps_match_matchInfo_games_0_gameGold_97_team1TotalGold,props_pageProps_match_matchInfo_games_0_gameGold_97_team2Perid,props_pageProps_match_matchInfo_games_0_gameGold_97_team2TotalGold,props_pageProps_match_matchInfo_games_0_gameGold_98___typename,props_pageProps_match_matchInfo_games_0_gameGold_98_gameTime,props_pageProps_match_matchInfo_games_0_gameGold_98_goldDifference,props_pageProps_match_matchInfo_games_0_gameGold_98_team1Perid,props_pageProps_match_matchInfo_games_0_gameGold_98_team1TotalGold,props_pageProps_match_matchInfo_games_0_gameGold_98_team2Perid,props_pageProps_match_matchInfo_games_0_gameGold_98_team2TotalGold,props_pageProps_match_matchInfo_games_0_gameGold_99___typename,props_pageProps_match_matchInfo_games_0_gameGold_99_gameTime,props_pageProps_match_matchInfo_games_0_gameGold_99_goldDifference,props_pageProps_match_matchInfo_games_0_gameGold_99_team1Perid,props_pageProps_match_matchInfo_games_0_gameGold_99_team1TotalGold,props_pageProps_match_matchInfo_games_0_gameGold_99_team2Perid,props_pageProps_match_matchInfo_games_0_gameGold_99_team2TotalGold,props_pageProps_match_matchInfo_games_0_gameGold_100___typename,props_pageProps_match_matchInfo_games_0_gameGold_100_gameTime,props_pageProps_match_matchInfo_games_0_gameGold_100_goldDifference,props_pageProps_match_matchInfo_games_0_gameGold_100_team1Perid,props_pageProps_match_matchInfo_games_0_gameGold_100_team1TotalGold,props_pageProps_match_matchInfo_games_0_gameGold_100_team2Perid,props_pageProps_match_matchInfo_games_0_gameGold_100_team2TotalGold,props_pageProps_match_matchInfo_games_0_gameGold_101___typename,props_pageProps_match_matchInfo_games_0_gameGold_101_gameTime,props_pageProps_match_matchInfo_games_0_gameGold_101_goldDifference,props_pageProps_match_matchInfo_games_0_gameGold_101_team1Perid,props_pageProps_match_matchInfo_games_0_gameGold_101_team1TotalGold,props_pageProps_match_matchInfo_games_0_gameGold_101_team2Perid,props_pageProps_match_matchInfo_games_0_gameGold_101_team2TotalGold,props_pageProps_match_matchInfo_games_0_gameGold_102___typename,props_pageProps_match_matchInfo_games_0_gameGold_102_gameTime,props_pageProps_match_matchInfo_games_0_gameGold_102_goldDifference,props_pageProps_match_matchInfo_games_0_gameGold_102_team1Perid,props_pageProps_match_matchInfo_games_0_gameGold_102_team1TotalGold,props_pageProps_match_matchInfo_games_0_gameGold_102_team2Perid,props_pageProps_match_matchInfo_games_0_gameGold_102_team2TotalGold,props_pageProps_match_matchInfo_games_0_gameGold_103___typename,props_pageProps_match_matchInfo_games_0_gameGold_103_gameTime,props_pageProps_match_matchInfo_games_0_gameGold_103_goldDifference,props_pageProps_match_matchInfo_games_0_gameGold_103_team1Perid,props_pageProps_match_matchInfo_games_0_gameGold_103_team1TotalGold,props_pageProps_match_matchInfo_games_0_gameGold_103_team2Perid,props_pageProps_match_matchInfo_games_0_gameGold_103_team2TotalGold,props_pageProps_match_matchInfo_games_0_gameGold_104___typename,props_pageProps_match_matchInfo_games_0_gameGold_104_gameTime,props_pageProps_match_matchInfo_games_0_gameGold_104_goldDifference,props_pageProps_match_matchInfo_games_0_gameGold_104_team1Perid,props_pageProps_match_matchInfo_games_0_gameGold_104_team1TotalGold,props_pageProps_match_matchInfo_games_0_gameGold_104_team2Perid,props_pageProps_match_matchInfo_games_0_gameGold_104_team2TotalGold,props_pageProps_match_matchInfo_games_0_gameGold_105___typename,props_pageProps_match_matchInfo_games_0_gameGold_105_gameTime,props_pageProps_match_matchInfo_games_0_gameGold_105_goldDifference,props_pageProps_match_matchInfo_games_0_gameGold_105_team1Perid,props_pageProps_match_matchInfo_games_0_gameGold_105_team1TotalGold,props_pageProps_match_matchInfo_games_0_gameGold_105_team2Perid,props_pageProps_match_matchInfo_games_0_gameGold_105_team2TotalGold,props_pageProps_match_matchInfo_games_0_gameGold_106___typename,props_pageProps_match_matchInfo_games_0_gameGold_106_gameTime,props_pageProps_match_matchInfo_games_0_gameGold_106_goldDifference,props_pageProps_match_matchInfo_games_0_gameGold_106_team1Perid,props_pageProps_match_matchInfo_games_0_gameGold_106_team1TotalGold,props_pageProps_match_matchInfo_games_0_gameGold_106_team2Perid,props_pageProps_match_matchInfo_games_0_gameGold_106_team2TotalGold,props_pageProps_match_matchInfo_games_0_gameGold_107___typename,props_pageProps_match_matchInfo_games_0_gameGold_107_gameTime,props_pageProps_match_matchInfo_games_0_gameGold_107_goldDifference,props_pageProps_match_matchInfo_games_0_gameGold_107_team1Perid,props_pageProps_match_matchInfo_games_0_gameGold_107_team1TotalGold,props_pageProps_match_matchInfo_games_0_gameGold_107_team2Perid,props_pageProps_match_matchInfo_games_0_gameGold_107_team2TotalGold,props_pageProps_match_matchInfo_games_0_gameGold_108___typename,props_pageProps_match_matchInfo_games_0_gameGold_108_gameTime,props_pageProps_match_matchInfo_games_0_gameGold_108_goldDifference,props_pageProps_match_matchInfo_games_0_gameGold_108_team1Perid,props_pageProps_match_matchInfo_games_0_gameGold_108_team1TotalGold,props_pageProps_match_matchInfo_games_0_gameGold_108_team2Perid,props_pageProps_match_matchInfo_games_0_gameGold_108_team2TotalGold,props_pageProps_match_matchInfo_games_0_gameGold_109___typename,props_pageProps_match_matchInfo_games_0_gameGold_109_gameTime,props_pageProps_match_matchInfo_games_0_gameGold_109_goldDifference,props_pageProps_match_matchInfo_games_0_gameGold_109_team1Perid,props_pageProps_match_matchInfo_games_0_gameGold_109_team1TotalGold,props_pageProps_match_matchInfo_games_0_gameGold_109_team2Perid,props_pageProps_match_matchInfo_games_0_gameGold_109_team2TotalGold,props_pageProps_match_matchInfo_games_0_gameGold_110___typename,props_pageProps_match_matchInfo_games_0_gameGold_110_gameTime,props_pageProps_match_matchInfo_games_0_gameGold_110_goldDifference,props_pageProps_match_matchInfo_games_0_gameGold_110_team1Perid,props_pageProps_match_matchInfo_games_0_gameGold_110_team1TotalGold,props_pageProps_match_matchInfo_games_0_gameGold_110_team2Perid,props_pageProps_match_matchInfo_games_0_gameGold_110_team2TotalGold,props_pageProps_match_matchInfo_games_0_gameGold_111___typename,props_pageProps_match_matchInfo_games_0_gameGold_111_gameTime,props_pageProps_match_matchInfo_games_0_gameGold_111_goldDifference,props_pageProps_match_matchInfo_games_0_gameGold_111_team1Perid,props_pageProps_match_matchInfo_games_0_gameGold_111_team1TotalGold,props_pageProps_match_matchInfo_games_0_gameGold_111_team2Perid,props_pageProps_match_matchInfo_games_0_gameGold_111_team2TotalGold,props_pageProps_match_matchInfo_games_0_gameGold_112___typename,props_pageProps_match_matchInfo_games_0_gameGold_112_gameTime,props_pageProps_match_matchInfo_games_0_gameGold_112_goldDifference,props_pageProps_match_matchInfo_games_0_gameGold_112_team1Perid,props_pageProps_match_matchInfo_games_0_gameGold_112_team1TotalGold,props_pageProps_match_matchInfo_games_0_gameGold_112_team2Perid,props_pageProps_match_matchInfo_games_0_gameGold_112_team2TotalGold,props_pageProps_match_matchInfo_games_0_gameGold_113___typename,props_pageProps_match_matchInfo_games_0_gameGold_113_gameTime,props_pageProps_match_matchInfo_games_0_gameGold_113_goldDifference,props_pageProps_match_matchInfo_games_0_gameGold_113_team1Perid,props_pageProps_match_matchInfo_games_0_gameGold_113_team1TotalGold,props_pageProps_match_matchInfo_games_0_gameGold_113_team2Perid,props_pageProps_match_matchInfo_games_0_gameGold_113_team2TotalGold,props_pageProps_match_matchInfo_games_0_gameGold_114___typename,props_pageProps_match_matchInfo_games_0_gameGold_114_gameTime,props_pageProps_match_matchInfo_games_0_gameGold_114_goldDifference,props_pageProps_match_matchInfo_games_0_gameGold_114_team1Perid,props_pageProps_match_matchInfo_games_0_gameGold_114_team1TotalGold,props_pageProps_match_matchInfo_games_0_gameGold_114_team2Perid,props_pageProps_match_matchInfo_games_0_gameGold_114_team2TotalGold,props_pageProps_match_matchInfo_games_0_gameGold_115___typename,props_pageProps_match_matchInfo_games_0_gameGold_115_gameTime,props_pageProps_match_matchInfo_games_0_gameGold_115_goldDifference,props_pageProps_match_matchInfo_games_0_gameGold_115_team1Perid,props_pageProps_match_matchInfo_games_0_gameGold_115_team1TotalGold,props_pageProps_match_matchInfo_games_0_gameGold_115_team2Perid,props_pageProps_match_matchInfo_games_0_gameGold_115_team2TotalGold,props_pageProps_match_matchInfo_games_0_gameGold_116___typename,props_pageProps_match_matchInfo_games_0_gameGold_116_gameTime,props_pageProps_match_matchInfo_games_0_gameGold_116_goldDifference,props_pageProps_match_matchInfo_games_0_gameGold_116_team1Perid,props_pageProps_match_matchInfo_games_0_gameGold_116_team1TotalGold,props_pageProps_match_matchInfo_games_0_gameGold_116_team2Perid,props_pageProps_match_matchInfo_games_0_gameGold_116_team2TotalGold,props_pageProps_match_matchInfo_games_0_gameGold_117___typename,props_pageProps_match_matchInfo_games_0_gameGold_117_gameTime,props_pageProps_match_matchInfo_games_0_gameGold_117_goldDifference,props_pageProps_match_matchInfo_games_0_gameGold_117_team1Perid,props_pageProps_match_matchInfo_games_0_gameGold_117_team1TotalGold,props_pageProps_match_matchInfo_games_0_gameGold_117_team2Perid,props_pageProps_match_matchInfo_games_0_gameGold_117_team2TotalGold,props_pageProps_match_matchInfo_games_0_gameGold_118___typename,props_pageProps_match_matchInfo_games_0_gameGold_118_gameTime,props_pageProps_match_matchInfo_games_0_gameGold_118_goldDifference,props_pageProps_match_matchInfo_games_0_gameGold_118_team1Perid,props_pageProps_match_matchInfo_games_0_gameGold_118_team1TotalGold,props_pageProps_match_matchInfo_games_0_gameGold_118_team2Perid,props_pageProps_match_matchInfo_games_0_gameGold_118_team2TotalGold,props_pageProps_match_matchInfo_games_0_gameGold_119___typename,props_pageProps_match_matchInfo_games_0_gameGold_119_gameTime,props_pageProps_match_matchInfo_games_0_gameGold_119_goldDifference,props_pageProps_match_matchInfo_games_0_gameGold_119_team1Perid,props_pageProps_match_matchInfo_games_0_gameGold_119_team1TotalGold,props_pageProps_match_matchInfo_games_0_gameGold_119_team2Perid,props_pageProps_match_matchInfo_games_0_gameGold_119_team2TotalGold,props_pageProps_match_matchInfo_games_0_gameGold_120___typename,props_pageProps_match_matchInfo_games_0_gameGold_120_gameTime,props_pageProps_match_matchInfo_games_0_gameGold_120_goldDifference,props_pageProps_match_matchInfo_games_0_gameGold_120_team1Perid,props_pageProps_match_matchInfo_games_0_gameGold_120_team1TotalGold,props_pageProps_match_matchInfo_games_0_gameGold_120_team2Perid,props_pageProps_match_matchInfo_games_0_gameGold_120_team2TotalGold,props_pageProps_match_matchInfo_games_0_gameGold_121___typename,props_pageProps_match_matchInfo_games_0_gameGold_121_gameTime,props_pageProps_match_matchInfo_games_0_gameGold_121_goldDifference,props_pageProps_match_matchInfo_games_0_gameGold_121_team1Perid,props_pageProps_match_matchInfo_games_0_gameGold_121_team1TotalGold,props_pageProps_match_matchInfo_games_0_gameGold_121_team2Perid,props_pageProps_match_matchInfo_games_0_gameGold_121_team2TotalGold,props_pageProps_match_matchInfo_games_0_gameGold_122___typename,props_pageProps_match_matchInfo_games_0_gameGold_122_gameTime,props_pageProps_match_matchInfo_games_0_gameGold_122_goldDifference,props_pageProps_match_matchInfo_games_0_gameGold_122_team1Perid,props_pageProps_match_matchInfo_games_0_gameGold_122_team1TotalGold,props_pageProps_match_matchInfo_games_0_gameGold_122_team2Perid,props_pageProps_match_matchInfo_games_0_gameGold_122_team2TotalGold,props_pageProps_match_matchInfo_games_0_gameGold_123___typename,props_pageProps_match_matchInfo_games_0_gameGold_123_gameTime,props_pageProps_match_matchInfo_games_0_gameGold_123_goldDifference,props_pageProps_match_matchInfo_games_0_gameGold_123_team1Perid,props_pageProps_match_matchInfo_games_0_gameGold_123_team1TotalGold,props_pageProps_match_matchInfo_games_0_gameGold_123_team2Perid,props_pageProps_match_matchInfo_games_0_gameGold_123_team2TotalGold,props_pageProps_match_matchInfo_games_0_gameGold_124___typename,props_pageProps_match_matchInfo_games_0_gameGold_124_gameTime,props_pageProps_match_matchInfo_games_0_gameGold_124_goldDifference,props_pageProps_match_matchInfo_games_0_gameGold_124_team1Perid,props_pageProps_match_matchInfo_games_0_gameGold_124_team1TotalGold,props_pageProps_match_matchInfo_games_0_gameGold_124_team2Perid,props_pageProps_match_matchInfo_games_0_gameGold_124_team2TotalGold,props_pageProps_match_matchInfo_games_0_gameGold_125___typename,props_pageProps_match_matchInfo_games_0_gameGold_125_gameTime,props_pageProps_match_matchInfo_games_0_gameGold_125_goldDifference,props_pageProps_match_matchInfo_games_0_gameGold_125_team1Perid,props_pageProps_match_matchInfo_games_0_gameGold_125_team1TotalGold,props_pageProps_match_matchInfo_games_0_gameGold_125_team2Perid,props_pageProps_match_matchInfo_games_0_gameGold_125_team2TotalGold,props_pageProps_match_matchInfo_games_0_gameGold_126___typename,props_pageProps_match_matchInfo_games_0_gameGold_126_gameTime,props_pageProps_match_matchInfo_games_0_gameGold_126_goldDifference,props_pageProps_match_matchInfo_games_0_gameGold_126_team1Perid,props_pageProps_match_matchInfo_games_0_gameGold_126_team1TotalGold,props_pageProps_match_matchInfo_games_0_gameGold_126_team2Perid,props_pageProps_match_matchInfo_games_0_gameGold_126_team2TotalGold,props_pageProps_match_matchInfo_games_0_gameGold_127___typename,props_pageProps_match_matchInfo_games_0_gameGold_127_gameTime,props_pageProps_match_matchInfo_games_0_gameGold_127_goldDifference,props_pageProps_match_matchInfo_games_0_gameGold_127_team1Perid,props_pageProps_match_matchInfo_games_0_gameGold_127_team1TotalGold,props_pageProps_match_matchInfo_games_0_gameGold_127_team2Perid,props_pageProps_match_matchInfo_games_0_gameGold_127_team2TotalGold,props_pageProps_match_matchInfo_games_0_gameGold_128___typename,props_pageProps_match_matchInfo_games_0_gameGold_128_gameTime,props_pageProps_match_matchInfo_games_0_gameGold_128_goldDifference,props_pageProps_match_matchInfo_games_0_gameGold_128_team1Perid,props_pageProps_match_matchInfo_games_0_gameGold_128_team1TotalGold,props_pageProps_match_matchInfo_games_0_gameGold_128_team2Perid,props_pageProps_match_matchInfo_games_0_gameGold_128_team2TotalGold,props_pageProps_match_matchInfo_games_0_gameGold_129___typename,props_pageProps_match_matchInfo_games_0_gameGold_129_gameTime,props_pageProps_match_matchInfo_games_0_gameGold_129_goldDifference,props_pageProps_match_matchInfo_games_0_gameGold_129_team1Perid,props_pageProps_match_matchInfo_games_0_gameGold_129_team1TotalGold,props_pageProps_match_matchInfo_games_0_gameGold_129_team2Perid,props_pageProps_match_matchInfo_games_0_gameGold_129_team2TotalGold,props_pageProps_match_matchInfo_games_0_gameGold_130___typename,props_pageProps_match_matchInfo_games_0_gameGold_130_gameTime,props_pageProps_match_matchInfo_games_0_gameGold_130_goldDifference,props_pageProps_match_matchInfo_games_0_gameGold_130_team1Perid,props_pageProps_match_matchInfo_games_0_gameGold_130_team1TotalGold,props_pageProps_match_matchInfo_games_0_gameGold_130_team2Perid,props_pageProps_match_matchInfo_games_0_gameGold_130_team2TotalGold,props_pageProps_match_matchInfo_games_0_gameGold_131___typename,props_pageProps_match_matchInfo_games_0_gameGold_131_gameTime,props_pageProps_match_matchInfo_games_0_gameGold_131_goldDifference,props_pageProps_match_matchInfo_games_0_gameGold_131_team1Perid,props_pageProps_match_matchInfo_games_0_gameGold_131_team1TotalGold,props_pageProps_match_matchInfo_games_0_gameGold_131_team2Perid,props_pageProps_match_matchInfo_games_0_gameGold_131_team2TotalGold,props_pageProps_match_matchInfo_games_0_gameStartDateTime,props_pageProps_match_matchInfo_games_0_gameState,props_pageProps_match_matchInfo_games_0_gameUrn,props_pageProps_match_matchInfo_games_0_matchPerid,props_pageProps_match_matchInfo_games_0_playerChampGame_0___typename,props_pageProps_match_matchInfo_games_0_playerChampGame_0_champion,props_pageProps_match_matchInfo_games_0_playerChampGame_0_item1Id,props_pageProps_match_matchInfo_games_0_playerChampGame_0_item2Id,props_pageProps_match_matchInfo_games_0_playerChampGame_0_item3Id,props_pageProps_match_matchInfo_games_0_playerChampGame_0_item4Id,props_pageProps_match_matchInfo_games_0_playerChampGame_0_item5Id,props_pageProps_match_matchInfo_games_0_playerChampGame_0_item6Id,props_pageProps_match_matchInfo_games_0_playerChampGame_0_item7Id,props_pageProps_match_matchInfo_games_0_playerChampGame_0_item8Id,props_pageProps_match_matchInfo_games_0_playerChampGame_0_playerName,props_pageProps_match_matchInfo_games_0_playerChampGame_0_playerPerid,props_pageProps_match_matchInfo_games_0_playerChampGame_0_role,props_pageProps_match_matchInfo_games_0_playerChampGame_0_teamPerid,props_pageProps_match_matchInfo_games_0_playerChampGame_1___typename,props_pageProps_match_matchInfo_games_0_playerChampGame_1_champion,props_pageProps_match_matchInfo_games_0_playerChampGame_1_item1Id,props_pageProps_match_matchInfo_games_0_playerChampGame_1_item2Id,props_pageProps_match_matchInfo_games_0_playerChampGame_1_item3Id,props_pageProps_match_matchInfo_games_0_playerChampGame_1_item4Id,props_pageProps_match_matchInfo_games_0_playerChampGame_1_item5Id,props_pageProps_match_matchInfo_games_0_playerChampGame_1_item6Id,props_pageProps_match_matchInfo_games_0_playerChampGame_1_item7Id,props_pageProps_match_matchInfo_games_0_playerChampGame_1_item8Id,props_pageProps_match_matchInfo_games_0_playerChampGame_1_playerName,props_pageProps_match_matchInfo_games_0_playerChampGame_1_playerPerid,props_pageProps_match_matchInfo_games_0_playerChampGame_1_role,props_pageProps_match_matchInfo_games_0_playerChampGame_1_teamPerid,props_pageProps_match_matchInfo_games_0_playerChampGame_2___typename,props_pageProps_match_matchInfo_games_0_playerChampGame_2_champion,props_pageProps_match_matchInfo_games_0_playerChampGame_2_item1Id,props_pageProps_match_matchInfo_games_0_playerChampGame_2_item2Id,props_pageProps_match_matchInfo_games_0_playerChampGame_2_item3Id,props_pageProps_match_matchInfo_games_0_playerChampGame_2_item4Id,props_pageProps_match_matchInfo_games_0_playerChampGame_2_item5Id,props_pageProps_match_matchInfo_games_0_playerChampGame_2_item6Id,props_pageProps_match_matchInfo_games_0_playerChampGame_2_item7Id,props_pageProps_match_matchInfo_games_0_playerChampGame_2_item8Id,props_pageProps_match_matchInfo_games_0_playerChampGame_2_playerName,props_pageProps_match_matchInfo_games_0_playerChampGame_2_playerPerid,props_pageProps_match_matchInfo_games_0_playerChampGame_2_role,props_pageProps_match_matchInfo_games_0_playerChampGame_2_teamPerid,props_pageProps_match_matchInfo_games_0_playerChampGame_3___typename,props_pageProps_match_matchInfo_games_0_playerChampGame_3_champion,props_pageProps_match_matchInfo_games_0_playerChampGame_3_item1Id,props_pageProps_match_matchInfo_games_0_playerChampGame_3_item2Id,props_pageProps_match_matchInfo_games_0_playerChampGame_3_item3Id,props_pageProps_match_matchInfo_games_0_playerChampGame_3_item4Id,props_pageProps_match_matchInfo_games_0_playerChampGame_3_item5Id,props_pageProps_match_matchInfo_games_0_playerChampGame_3_item6Id,props_pageProps_match_matchInfo_games_0_playerChampGame_3_item7Id,props_pageProps_match_matchInfo_games_0_playerChampGame_3_item8Id,props_pageProps_match_matchInfo_games_0_playerChampGame_3_playerName,props_pageProps_match_matchInfo_games_0_playerChampGame_3_playerPerid,props_pageProps_match_matchInfo_games_0_playerChampGame_3_role,props_pageProps_match_matchInfo_games_0_playerChampGame_3_teamPerid,props_pageProps_match_matchInfo_games_0_playerChampGame_4___typename,props_pageProps_match_matchInfo_games_0_playerChampGame_4_champion,props_pageProps_match_matchInfo_games_0_playerChampGame_4_item1Id,props_pageProps_match_matchInfo_games_0_playerChampGame_4_item2Id,props_pageProps_match_matchInfo_games_0_playerChampGame_4_item3Id,props_pageProps_match_matchInfo_games_0_playerChampGame_4_item4Id,props_pageProps_match_matchInfo_games_0_playerChampGame_4_item5Id,props_pageProps_match_matchInfo_games_0_playerChampGame_4_item6Id,props_pageProps_match_matchInfo_games_0_playerChampGame_4_item7Id,props_pageProps_match_matchInfo_games_0_playerChampGame_4_item8Id,props_pageProps_match_matchInfo_games_0_playerChampGame_4_playerName,props_pageProps_match_matchInfo_games_0_playerChampGame_4_playerPerid,props_pageProps_match_matchInfo_games_0_playerChampGame_4_role,props_pageProps_match_matchInfo_games_0_playerChampGame_4_teamPerid,props_pageProps_match_matchInfo_games_0_playerChampGame_5___typename,props_pageProps_match_matchInfo_games_0_playerChampGame_5_champion,props_pageProps_match_matchInfo_games_0_playerChampGame_5_item1Id,props_pageProps_match_matchInfo_games_0_playerChampGame_5_item2Id,props_pageProps_match_matchInfo_games_0_playerChampGame_5_item3Id,props_pageProps_match_matchInfo_games_0_playerChampGame_5_item4Id,props_pageProps_match_matchInfo_games_0_playerChampGame_5_item5Id,props_pageProps_match_matchInfo_games_0_playerChampGame_5_item6Id,props_pageProps_match_matchInfo_games_0_playerChampGame_5_item7Id,props_pageProps_match_matchInfo_games_0_playerChampGame_5_item8Id,props_pageProps_match_matchInfo_games_0_playerChampGame_5_playerName,props_pageProps_match_matchInfo_games_0_playerChampGame_5_playerPerid,props_pageProps_match_matchInfo_games_0_playerChampGame_5_role,props_pageProps_match_matchInfo_games_0_playerChampGame_5_teamPerid,props_pageProps_match_matchInfo_games_0_playerChampGame_6___typename,props_pageProps_match_matchInfo_games_0_playerChampGame_6_champion,props_pageProps_match_matchInfo_games_0_playerChampGame_6_item1Id,props_pageProps_match_matchInfo_games_0_playerChampGame_6_item2Id,props_pageProps_match_matchInfo_games_0_playerChampGame_6_item3Id,props_pageProps_match_matchInfo_games_0_playerChampGame_6_item4Id,props_pageProps_match_matchInfo_games_0_playerChampGame_6_item5Id,props_pageProps_match_matchInfo_games_0_playerChampGame_6_item6Id,props_pageProps_match_matchInfo_games_0_playerChampGame_6_item7Id,props_pageProps_match_matchInfo_games_0_playerChampGame_6_item8Id,props_pageProps_match_matchInfo_games_0_playerChampGame_6_playerName,props_pageProps_match_matchInfo_games_0_playerChampGame_6_playerPerid,props_pageProps_match_matchInfo_games_0_playerChampGame_6_role,props_pageProps_match_matchInfo_games_0_playerChampGame_6_teamPerid,props_pageProps_match_matchInfo_games_0_playerChampGame_7___typename,props_pageProps_match_matchInfo_games_0_playerChampGame_7_champion,props_pageProps_match_matchInfo_games_0_playerChampGame_7_item1Id,props_pageProps_match_matchInfo_games_0_playerChampGame_7_item2Id,props_pageProps_match_matchInfo_games_0_playerChampGame_7_item3Id,props_pageProps_match_matchInfo_games_0_playerChampGame_7_item4Id,props_pageProps_match_matchInfo_games_0_playerChampGame_7_item5Id,props_pageProps_match_matchInfo_games_0_playerChampGame_7_item6Id,props_pageProps_match_matchInfo_games_0_playerChampGame_7_item7Id,props_pageProps_match_matchInfo_games_0_playerChampGame_7_item8Id,props_pageProps_match_matchInfo_games_0_playerChampGame_7_playerName,props_pageProps_match_matchInfo_games_0_playerChampGame_7_playerPerid,props_pageProps_match_matchInfo_games_0_playerChampGame_7_role,props_pageProps_match_matchInfo_games_0_playerChampGame_7_teamPerid,props_pageProps_match_matchInfo_games_0_playerChampGame_8___typename,props_pageProps_match_matchInfo_games_0_playerChampGame_8_champion,props_pageProps_match_matchInfo_games_0_playerChampGame_8_item1Id,props_pageProps_match_matchInfo_games_0_playerChampGame_8_item2Id,props_pageProps_match_matchInfo_games_0_playerChampGame_8_item3Id,props_pageProps_match_matchInfo_games_0_playerChampGame_8_item4Id,props_pageProps_match_matchInfo_games_0_playerChampGame_8_item5Id,props_pageProps_match_matchInfo_games_0_playerChampGame_8_item6Id,props_pageProps_match_matchInfo_games_0_playerChampGame_8_item7Id,props_pageProps_match_matchInfo_games_0_playerChampGame_8_item8Id,props_pageProps_match_matchInfo_games_0_playerChampGame_8_playerName,props_pageProps_match_matchInfo_games_0_playerChampGame_8_playerPerid,props_pageProps_match_matchInfo_games_0_playerChampGame_8_role,props_pageProps_match_matchInfo_games_0_playerChampGame_8_teamPerid,props_pageProps_match_matchInfo_games_0_playerChampGame_9___typename,props_pageProps_match_matchInfo_games_0_playerChampGame_9_champion,props_pageProps_match_matchInfo_games_0_playerChampGame_9_item1Id,props_pageProps_match_matchInfo_games_0_playerChampGame_9_item2Id,props_pageProps_match_matchInfo_games_0_playerChampGame_9_item3Id,props_pageProps_match_matchInfo_games_0_playerChampGame_9_item4Id,props_pageProps_match_matchInfo_games_0_playerChampGame_9_item5Id,props_pageProps_match_matchInfo_games_0_playerChampGame_9_item6Id,props_pageProps_match_matchInfo_games_0_playerChampGame_9_item7Id,props_pageProps_match_matchInfo_games_0_playerChampGame_9_item8Id,props_pageProps_match_matchInfo_games_0_playerChampGame_9_playerName,props_pageProps_match_matchInfo_games_0_playerChampGame_9_playerPerid,props_pageProps_match_matchInfo_games_0_playerChampGame_9_role,props_pageProps_match_matchInfo_games_0_playerChampGame_9_teamPerid,props_pageProps_match_matchInfo_games_0_playerGameStats_0___typename,props_pageProps_match_matchInfo_games_0_playerGameStats_0_assists,props_pageProps_match_matchInfo_games_0_playerGameStats_0_avgDamagePerTeamfight,props_pageProps_match_matchInfo_games_0_playerGameStats_0_avgMinsBetweenDeaths,props_pageProps_match_matchInfo_games_0_playerGameStats_0_avgMinsBetweenKills,props_pageProps_match_matchInfo_games_0_playerGameStats_0_bestOf,props_pageProps_match_matchInfo_games_0_playerGameStats_0_champion,props_pageProps_match_matchInfo_games_0_playerGameStats_0_currGame,props_pageProps_match_matchInfo_games_0_playerGameStats_0_deaths,props_pageProps_match_matchInfo_games_0_playerGameStats_0_dmgHealedOnTeamPerMin,props_pageProps_match_matchInfo_games_0_playerGameStats_0_dmgShieldedOnTeamPerMin,props_pageProps_match_matchInfo_games_0_playerGameStats_0_dmgToChampsPerMin,props_pageProps_match_matchInfo_games_0_playerGameStats_0_doubleKills,props_pageProps_match_matchInfo_games_0_playerGameStats_0_duoProx,props_pageProps_match_matchInfo_games_0_playerGameStats_0_firstBlood,props_pageProps_match_matchInfo_games_0_playerGameStats_0_gameUrn,props_pageProps_match_matchInfo_games_0_playerGameStats_0_goldAt15m,props_pageProps_match_matchInfo_games_0_playerGameStats_0_goldDiffAt15m,props_pageProps_match_matchInfo_games_0_playerGameStats_0_isoDeaths,props_pageProps_match_matchInfo_games_0_playerGameStats_0_jungleProx,props_pageProps_match_matchInfo_games_0_playerGameStats_0_kills,props_pageProps_match_matchInfo_games_0_playerGameStats_0_minionKills,props_pageProps_match_matchInfo_games_0_playerGameStats_0_neutralMinionKills,props_pageProps_match_matchInfo_games_0_playerGameStats_0_neutralMinionKillsEnemyJungle,props_pageProps_match_matchInfo_games_0_playerGameStats_0_neutralMinionKillsTeamJungle,props_pageProps_match_matchInfo_games_0_playerGameStats_0_numRecalls,props_pageProps_match_matchInfo_games_0_playerGameStats_0_pentaKills,props_pageProps_match_matchInfo_games_0_playerGameStats_0_percInMidLane,props_pageProps_match_matchInfo_games_0_playerGameStats_0_player,props_pageProps_match_matchInfo_games_0_playerGameStats_0_playerPerid,props_pageProps_match_matchInfo_games_0_playerGameStats_0_playerUrn,props_pageProps_match_matchInfo_games_0_playerGameStats_0_quadKills,props_pageProps_match_matchInfo_games_0_playerGameStats_0_role,props_pageProps_match_matchInfo_games_0_playerGameStats_0_side,props_pageProps_match_matchInfo_games_0_playerGameStats_0_soloKills,props_pageProps_match_matchInfo_games_0_playerGameStats_0_team,props_pageProps_match_matchInfo_games_0_playerGameStats_0_teamPerid,props_pageProps_match_matchInfo_games_0_playerGameStats_0_totalDamageTeamfights,props_pageProps_match_matchInfo_games_0_playerGameStats_0_totalGold,props_pageProps_match_matchInfo_games_0_playerGameStats_0_tripleKills,props_pageProps_match_matchInfo_games_0_playerGameStats_0_visionScore,props_pageProps_match_matchInfo_games_0_playerGameStats_0_wardsKilled,props_pageProps_match_matchInfo_games_0_playerGameStats_0_wardsPlaced,props_pageProps_match_matchInfo_games_0_playerGameStats_1___typename,props_pageProps_match_matchInfo_games_0_playerGameStats_1_assists,props_pageProps_match_matchInfo_games_0_playerGameStats_1_avgDamagePerTeamfight,props_pageProps_match_matchInfo_games_0_playerGameStats_1_avgMinsBetweenDeaths,props_pageProps_match_matchInfo_games_0_playerGameStats_1_avgMinsBetweenKills,props_pageProps_match_matchInfo_games_0_playerGameStats_1_bestOf,props_pageProps_match_matchInfo_games_0_playerGameStats_1_champion,props_pageProps_match_matchInfo_games_0_playerGameStats_1_currGame,props_pageProps_match_matchInfo_games_0_playerGameStats_1_deaths,props_pageProps_match_matchInfo_games_0_playerGameStats_1_dmgHealedOnTeamPerMin,props_pageProps_match_matchInfo_games_0_playerGameStats_1_dmgShieldedOnTeamPerMin,props_pageProps_match_matchInfo_games_0_playerGameStats_1_dmgToChampsPerMin,props_pageProps_match_matchInfo_games_0_playerGameStats_1_doubleKills,props_pageProps_match_matchInfo_games_0_playerGameStats_1_duoProx,props_pageProps_match_matchInfo_games_0_playerGameStats_1_firstBlood,props_pageProps_match_matchInfo_games_0_playerGameStats_1_gameUrn,props_pageProps_match_matchInfo_games_0_playerGameStats_1_goldAt15m,props_pageProps_match_matchInfo_games_0_playerGameStats_1_goldDiffAt15m,props_pageProps_match_matchInfo_games_0_playerGameStats_1_isoDeaths,props_pageProps_match_matchInfo_games_0_playerGameStats_1_jungleProx,props_pageProps_match_matchInfo_games_0_playerGameStats_1_kills,props_pageProps_match_matchInfo_games_0_playerGameStats_1_minionKills,props_pageProps_match_matchInfo_games_0_playerGameStats_1_neutralMinionKills,props_pageProps_match_matchInfo_games_0_playerGameStats_1_neutralMinionKillsEnemyJungle,props_pageProps_match_matchInfo_games_0_playerGameStats_1_neutralMinionKillsTeamJungle,props_pageProps_match_matchInfo_games_0_playerGameStats_1_numRecalls,props_pageProps_match_matchInfo_games_0_playerGameStats_1_pentaKills,props_pageProps_match_matchInfo_games_0_playerGameStats_1_percInMidLane,props_pageProps_match_matchInfo_games_0_playerGameStats_1_player,props_pageProps_match_matchInfo_games_0_playerGameStats_1_playerPerid,props_pageProps_match_matchInfo_games_0_playerGameStats_1_playerUrn,props_pageProps_match_matchInfo_games_0_playerGameStats_1_quadKills,props_pageProps_match_matchInfo_games_0_playerGameStats_1_role,props_pageProps_match_matchInfo_games_0_playerGameStats_1_side,props_pageProps_match_matchInfo_games_0_playerGameStats_1_soloKills,props_pageProps_match_matchInfo_games_0_playerGameStats_1_team,props_pageProps_match_matchInfo_games_0_playerGameStats_1_teamPerid,props_pageProps_match_matchInfo_games_0_playerGameStats_1_totalDamageTeamfights,props_pageProps_match_matchInfo_games_0_playerGameStats_1_totalGold,props_pageProps_match_matchInfo_games_0_playerGameStats_1_tripleKills,props_pageProps_match_matchInfo_games_0_playerGameStats_1_visionScore,props_pageProps_match_matchInfo_games_0_playerGameStats_1_wardsKilled,props_pageProps_match_matchInfo_games_0_playerGameStats_1_wardsPlaced,props_pageProps_match_matchInfo_games_0_playerGameStats_2___typename,props_pageProps_match_matchInfo_games_0_playerGameStats_2_assists,props_pageProps_match_matchInfo_games_0_playerGameStats_2_avgDamagePerTeamfight,props_pageProps_match_matchInfo_games_0_playerGameStats_2_avgMinsBetweenDeaths,props_pageProps_match_matchInfo_games_0_playerGameStats_2_avgMinsBetweenKills,props_pageProps_match_matchInfo_games_0_playerGameStats_2_bestOf,props_pageProps_match_matchInfo_games_0_playerGameStats_2_champion,props_pageProps_match_matchInfo_games_0_playerGameStats_2_currGame,props_pageProps_match_matchInfo_games_0_playerGameStats_2_deaths,props_pageProps_match_matchInfo_games_0_playerGameStats_2_dmgHealedOnTeamPerMin,props_pageProps_match_matchInfo_games_0_playerGameStats_2_dmgShieldedOnTeamPerMin,props_pageProps_match_matchInfo_games_0_playerGameStats_2_dmgToChampsPerMin,props_pageProps_match_matchInfo_games_0_playerGameStats_2_doubleKills,props_pageProps_match_matchInfo_games_0_playerGameStats_2_duoProx,props_pageProps_match_matchInfo_games_0_playerGameStats_2_firstBlood,props_pageProps_match_matchInfo_games_0_playerGameStats_2_gameUrn,props_pageProps_match_matchInfo_games_0_playerGameStats_2_goldAt15m,props_pageProps_match_matchInfo_games_0_playerGameStats_2_goldDiffAt15m,props_pageProps_match_matchInfo_games_0_playerGameStats_2_isoDeaths,props_pageProps_match_matchInfo_games_0_playerGameStats_2_jungleProx,props_pageProps_match_matchInfo_games_0_playerGameStats_2_kills,props_pageProps_match_matchInfo_games_0_playerGameStats_2_minionKills,props_pageProps_match_matchInfo_games_0_playerGameStats_2_neutralMinionKills,props_pageProps_match_matchInfo_games_0_playerGameStats_2_neutralMinionKillsEnemyJungle,props_pageProps_match_matchInfo_games_0_playerGameStats_2_neutralMinionKillsTeamJungle,props_pageProps_match_matchInfo_games_0_playerGameStats_2_numRecalls,props_pageProps_match_matchInfo_games_0_playerGameStats_2_pentaKills,props_pageProps_match_matchInfo_games_0_playerGameStats_2_percInMidLane,props_pageProps_match_matchInfo_games_0_playerGameStats_2_player,props_pageProps_match_matchInfo_games_0_playerGameStats_2_playerPerid,props_pageProps_match_matchInfo_games_0_playerGameStats_2_playerUrn,props_pageProps_match_matchInfo_games_0_playerGameStats_2_quadKills,props_pageProps_match_matchInfo_games_0_playerGameStats_2_role,props_pageProps_match_matchInfo_games_0_playerGameStats_2_side,props_pageProps_match_matchInfo_games_0_playerGameStats_2_soloKills,props_pageProps_match_matchInfo_games_0_playerGameStats_2_team,props_pageProps_match_matchInfo_games_0_playerGameStats_2_teamPerid,props_pageProps_match_matchInfo_games_0_playerGameStats_2_totalDamageTeamfights,props_pageProps_match_matchInfo_games_0_playerGameStats_2_totalGold,props_pageProps_match_matchInfo_games_0_playerGameStats_2_tripleKills,props_pageProps_match_matchInfo_games_0_playerGameStats_2_visionScore,props_pageProps_match_matchInfo_games_0_playerGameStats_2_wardsKilled,props_pageProps_match_matchInfo_games_0_playerGameStats_2_wardsPlaced,props_pageProps_match_matchInfo_games_0_playerGameStats_3___typename,props_pageProps_match_matchInfo_games_0_playerGameStats_3_assists,props_pageProps_match_matchInfo_games_0_playerGameStats_3_avgDamagePerTeamfight,props_pageProps_match_matchInfo_games_0_playerGameStats_3_avgMinsBetweenDeaths,props_pageProps_match_matchInfo_games_0_playerGameStats_3_avgMinsBetweenKills,props_pageProps_match_matchInfo_games_0_playerGameStats_3_bestOf,props_pageProps_match_matchInfo_games_0_playerGameStats_3_champion,props_pageProps_match_matchInfo_games_0_playerGameStats_3_currGame,props_pageProps_match_matchInfo_games_0_playerGameStats_3_deaths,props_pageProps_match_matchInfo_games_0_playerGameStats_3_dmgHealedOnTeamPerMin,props_pageProps_match_matchInfo_games_0_playerGameStats_3_dmgShieldedOnTeamPerMin,props_pageProps_match_matchInfo_games_0_playerGameStats_3_dmgToChampsPerMin,props_pageProps_match_matchInfo_games_0_playerGameStats_3_doubleKills,props_pageProps_match_matchInfo_games_0_playerGameStats_3_duoProx,props_pageProps_match_matchInfo_games_0_playerGameStats_3_firstBlood,props_pageProps_match_matchInfo_games_0_playerGameStats_3_gameUrn,props_pageProps_match_matchInfo_games_0_playerGameStats_3_goldAt15m,props_pageProps_match_matchInfo_games_0_playerGameStats_3_goldDiffAt15m,props_pageProps_match_matchInfo_games_0_playerGameStats_3_isoDeaths,props_pageProps_match_matchInfo_games_0_playerGameStats_3_jungleProx,props_pageProps_match_matchInfo_games_0_playerGameStats_3_kills,props_pageProps_match_matchInfo_games_0_playerGameStats_3_minionKills,props_pageProps_match_matchInfo_games_0_playerGameStats_3_neutralMinionKills,props_pageProps_match_matchInfo_games_0_playerGameStats_3_neutralMinionKillsEnemyJungle,props_pageProps_match_matchInfo_games_0_playerGameStats_3_neutralMinionKillsTeamJungle,props_pageProps_match_matchInfo_games_0_playerGameStats_3_numRecalls,props_pageProps_match_matchInfo_games_0_playerGameStats_3_pentaKills,props_pageProps_match_matchInfo_games_0_playerGameStats_3_percInMidLane,props_pageProps_match_matchInfo_games_0_playerGameStats_3_player,props_pageProps_match_matchInfo_games_0_playerGameStats_3_playerPerid,props_pageProps_match_matchInfo_games_0_playerGameStats_3_playerUrn,props_pageProps_match_matchInfo_games_0_playerGameStats_3_quadKills,props_pageProps_match_matchInfo_games_0_playerGameStats_3_role,props_pageProps_match_matchInfo_games_0_playerGameStats_3_side,props_pageProps_match_matchInfo_games_0_playerGameStats_3_soloKills,props_pageProps_match_matchInfo_games_0_playerGameStats_3_team,props_pageProps_match_matchInfo_games_0_playerGameStats_3_teamPerid,props_pageProps_match_matchInfo_games_0_playerGameStats_3_totalDamageTeamfights,props_pageProps_match_matchInfo_games_0_playerGameStats_3_totalGold,props_pageProps_match_matchInfo_games_0_playerGameStats_3_tripleKills,props_pageProps_match_matchInfo_games_0_playerGameStats_3_visionScore,props_pageProps_match_matchInfo_games_0_playerGameStats_3_wardsKilled,props_pageProps_match_matchInfo_games_0_playerGameStats_3_wardsPlaced,props_pageProps_match_matchInfo_games_0_playerGameStats_4___typename,props_pageProps_match_matchInfo_games_0_playerGameStats_4_assists,props_pageProps_match_matchInfo_games_0_playerGameStats_4_avgDamagePerTeamfight,props_pageProps_match_matchInfo_games_0_playerGameStats_4_avgMinsBetweenDeaths,props_pageProps_match_matchInfo_games_0_playerGameStats_4_avgMinsBetweenKills,props_pageProps_match_matchInfo_games_0_playerGameStats_4_bestOf,props_pageProps_match_matchInfo_games_0_playerGameStats_4_champion,props_pageProps_match_matchInfo_games_0_playerGameStats_4_currGame,props_pageProps_match_matchInfo_games_0_playerGameStats_4_deaths,props_pageProps_match_matchInfo_games_0_playerGameStats_4_dmgHealedOnTeamPerMin,props_pageProps_match_matchInfo_games_0_playerGameStats_4_dmgShieldedOnTeamPerMin,props_pageProps_match_matchInfo_games_0_playerGameStats_4_dmgToChampsPerMin,props_pageProps_match_matchInfo_games_0_playerGameStats_4_doubleKills,props_pageProps_match_matchInfo_games_0_playerGameStats_4_duoProx,props_pageProps_match_matchInfo_games_0_playerGameStats_4_firstBlood,props_pageProps_match_matchInfo_games_0_playerGameStats_4_gameUrn,props_pageProps_match_matchInfo_games_0_playerGameStats_4_goldAt15m,props_pageProps_match_matchInfo_games_0_playerGameStats_4_goldDiffAt15m,props_pageProps_match_matchInfo_games_0_playerGameStats_4_isoDeaths,props_pageProps_match_matchInfo_games_0_playerGameStats_4_jungleProx,props_pageProps_match_matchInfo_games_0_playerGameStats_4_kills,props_pageProps_match_matchInfo_games_0_playerGameStats_4_minionKills,props_pageProps_match_matchInfo_games_0_playerGameStats_4_neutralMinionKills,props_pageProps_match_matchInfo_games_0_playerGameStats_4_neutralMinionKillsEnemyJungle,props_pageProps_match_matchInfo_games_0_playerGameStats_4_neutralMinionKillsTeamJungle,props_pageProps_match_matchInfo_games_0_playerGameStats_4_numRecalls,props_pageProps_match_matchInfo_games_0_playerGameStats_4_pentaKills,props_pageProps_match_matchInfo_games_0_playerGameStats_4_percInMidLane,props_pageProps_match_matchInfo_games_0_playerGameStats_4_player,props_pageProps_match_matchInfo_games_0_playerGameStats_4_playerPerid,props_pageProps_match_matchInfo_games_0_playerGameStats_4_playerUrn,props_pageProps_match_matchInfo_games_0_playerGameStats_4_quadKills,props_pageProps_match_matchInfo_games_0_playerGameStats_4_role,props_pageProps_match_matchInfo_games_0_playerGameStats_4_side,props_pageProps_match_matchInfo_games_0_playerGameStats_4_soloKills,props_pageProps_match_matchInfo_games_0_playerGameStats_4_team,props_pageProps_match_matchInfo_games_0_playerGameStats_4_teamPerid,props_pageProps_match_matchInfo_games_0_playerGameStats_4_totalDamageTeamfights,props_pageProps_match_matchInfo_games_0_playerGameStats_4_totalGold,props_pageProps_match_matchInfo_games_0_playerGameStats_4_tripleKills,props_pageProps_match_matchInfo_games_0_playerGameStats_4_visionScore,props_pageProps_match_matchInfo_games_0_playerGameStats_4_wardsKilled,props_pageProps_match_matchInfo_games_0_playerGameStats_4_wardsPlaced,props_pageProps_match_matchInfo_games_0_playerGameStats_5___typename,props_pageProps_match_matchInfo_games_0_playerGameStats_5_assists,props_pageProps_match_matchInfo_games_0_playerGameStats_5_avgDamagePerTeamfight,props_pageProps_match_matchInfo_games_0_playerGameStats_5_avgMinsBetweenDeaths,props_pageProps_match_matchInfo_games_0_playerGameStats_5_avgMinsBetweenKills,props_pageProps_match_matchInfo_games_0_playerGameStats_5_bestOf,props_pageProps_match_matchInfo_games_0_playerGameStats_5_champion,props_pageProps_match_matchInfo_games_0_playerGameStats_5_currGame,props_pageProps_match_matchInfo_games_0_playerGameStats_5_deaths,props_pageProps_match_matchInfo_games_0_playerGameStats_5_dmgHealedOnTeamPerMin,props_pageProps_match_matchInfo_games_0_playerGameStats_5_dmgShieldedOnTeamPerMin,props_pageProps_match_matchInfo_games_0_playerGameStats_5_dmgToChampsPerMin,props_pageProps_match_matchInfo_games_0_playerGameStats_5_doubleKills,props_pageProps_match_matchInfo_games_0_playerGameStats_5_duoProx,props_pageProps_match_matchInfo_games_0_playerGameStats_5_firstBlood,props_pageProps_match_matchInfo_games_0_playerGameStats_5_gameUrn,props_pageProps_match_matchInfo_games_0_playerGameStats_5_goldAt15m,props_pageProps_match_matchInfo_games_0_playerGameStats_5_goldDiffAt15m,props_pageProps_match_matchInfo_games_0_playerGameStats_5_isoDeaths,props_pageProps_match_matchInfo_games_0_playerGameStats_5_jungleProx,props_pageProps_match_matchInfo_games_0_playerGameStats_5_kills,props_pageProps_match_matchInfo_games_0_playerGameStats_5_minionKills,props_pageProps_match_matchInfo_games_0_playerGameStats_5_neutralMinionKills,props_pageProps_match_matchInfo_games_0_playerGameStats_5_neutralMinionKillsEnemyJungle,props_pageProps_match_matchInfo_games_0_playerGameStats_5_neutralMinionKillsTeamJungle,props_pageProps_match_matchInfo_games_0_playerGameStats_5_numRecalls,props_pageProps_match_matchInfo_games_0_playerGameStats_5_pentaKills,props_pageProps_match_matchInfo_games_0_playerGameStats_5_percInMidLane,props_pageProps_match_matchInfo_games_0_playerGameStats_5_player,props_pageProps_match_matchInfo_games_0_playerGameStats_5_playerPerid,props_pageProps_match_matchInfo_games_0_playerGameStats_5_playerUrn,props_pageProps_match_matchInfo_games_0_playerGameStats_5_quadKills,props_pageProps_match_matchInfo_games_0_playerGameStats_5_role,props_pageProps_match_matchInfo_games_0_playerGameStats_5_side,props_pageProps_match_matchInfo_games_0_playerGameStats_5_soloKills,props_pageProps_match_matchInfo_games_0_playerGameStats_5_team,props_pageProps_match_matchInfo_games_0_playerGameStats_5_teamPerid,props_pageProps_match_matchInfo_games_0_playerGameStats_5_totalDamageTeamfights,props_pageProps_match_matchInfo_games_0_playerGameStats_5_totalGold,props_pageProps_match_matchInfo_games_0_playerGameStats_5_tripleKills,props_pageProps_match_matchInfo_games_0_playerGameStats_5_visionScore,props_pageProps_match_matchInfo_games_0_playerGameStats_5_wardsKilled,props_pageProps_match_matchInfo_games_0_playerGameStats_5_wardsPlaced,props_pageProps_match_matchInfo_games_0_playerGameStats_6___typename,props_pageProps_match_matchInfo_games_0_playerGameStats_6_assists,props_pageProps_match_matchInfo_games_0_playerGameStats_6_avgDamagePerTeamfight,props_pageProps_match_matchInfo_games_0_playerGameStats_6_avgMinsBetweenDeaths,props_pageProps_match_matchInfo_games_0_playerGameStats_6_avgMinsBetweenKills,props_pageProps_match_matchInfo_games_0_playerGameStats_6_bestOf,props_pageProps_match_matchInfo_games_0_playerGameStats_6_champion,props_pageProps_match_matchInfo_games_0_playerGameStats_6_currGame,props_pageProps_match_matchInfo_games_0_playerGameStats_6_deaths,props_pageProps_match_matchInfo_games_0_playerGameStats_6_dmgHealedOnTeamPerMin,props_pageProps_match_matchInfo_games_0_playerGameStats_6_dmgShieldedOnTeamPerMin,props_pageProps_match_matchInfo_games_0_playerGameStats_6_dmgToChampsPerMin,props_pageProps_match_matchInfo_games_0_playerGameStats_6_doubleKills,props_pageProps_match_matchInfo_games_0_playerGameStats_6_duoProx,props_pageProps_match_matchInfo_games_0_playerGameStats_6_firstBlood,props_pageProps_match_matchInfo_games_0_playerGameStats_6_gameUrn,props_pageProps_match_matchInfo_games_0_playerGameStats_6_goldAt15m,props_pageProps_match_matchInfo_games_0_playerGameStats_6_goldDiffAt15m,props_pageProps_match_matchInfo_games_0_playerGameStats_6_isoDeaths,props_pageProps_match_matchInfo_games_0_playerGameStats_6_jungleProx,props_pageProps_match_matchInfo_games_0_playerGameStats_6_kills,props_pageProps_match_matchInfo_games_0_playerGameStats_6_minionKills,props_pageProps_match_matchInfo_games_0_playerGameStats_6_neutralMinionKills,props_pageProps_match_matchInfo_games_0_playerGameStats_6_neutralMinionKillsEnemyJungle,props_pageProps_match_matchInfo_games_0_playerGameStats_6_neutralMinionKillsTeamJungle,props_pageProps_match_matchInfo_games_0_playerGameStats_6_numRecalls,props_pageProps_match_matchInfo_games_0_playerGameStats_6_pentaKills,props_pageProps_match_matchInfo_games_0_playerGameStats_6_percInMidLane,props_pageProps_match_matchInfo_games_0_playerGameStats_6_player,props_pageProps_match_matchInfo_games_0_playerGameStats_6_playerPerid,props_pageProps_match_matchInfo_games_0_playerGameStats_6_playerUrn,props_pageProps_match_matchInfo_games_0_playerGameStats_6_quadKills,props_pageProps_match_matchInfo_games_0_playerGameStats_6_role,props_pageProps_match_matchInfo_games_0_playerGameStats_6_side,props_pageProps_match_matchInfo_games_0_playerGameStats_6_soloKills,props_pageProps_match_matchInfo_games_0_playerGameStats_6_team,props_pageProps_match_matchInfo_games_0_playerGameStats_6_teamPerid,props_pageProps_match_matchInfo_games_0_playerGameStats_6_totalDamageTeamfights,props_pageProps_match_matchInfo_games_0_playerGameStats_6_totalGold,props_pageProps_match_matchInfo_games_0_playerGameStats_6_tripleKills,props_pageProps_match_matchInfo_games_0_playerGameStats_6_visionScore,props_pageProps_match_matchInfo_games_0_playerGameStats_6_wardsKilled,props_pageProps_match_matchInfo_games_0_playerGameStats_6_wardsPlaced,props_pageProps_match_matchInfo_games_0_playerGameStats_7___typename,props_pageProps_match_matchInfo_games_0_playerGameStats_7_assists,props_pageProps_match_matchInfo_games_0_playerGameStats_7_avgDamagePerTeamfight,props_pageProps_match_matchInfo_games_0_playerGameStats_7_avgMinsBetweenDeaths,props_pageProps_match_matchInfo_games_0_playerGameStats_7_avgMinsBetweenKills,props_pageProps_match_matchInfo_games_0_playerGameStats_7_bestOf,props_pageProps_match_matchInfo_games_0_playerGameStats_7_champion,props_pageProps_match_matchInfo_games_0_playerGameStats_7_currGame,props_pageProps_match_matchInfo_games_0_playerGameStats_7_deaths,props_pageProps_match_matchInfo_games_0_playerGameStats_7_dmgHealedOnTeamPerMin,props_pageProps_match_matchInfo_games_0_playerGameStats_7_dmgShieldedOnTeamPerMin,props_pageProps_match_matchInfo_games_0_playerGameStats_7_dmgToChampsPerMin,props_pageProps_match_matchInfo_games_0_playerGameStats_7_doubleKills,props_pageProps_match_matchInfo_games_0_playerGameStats_7_duoProx,props_pageProps_match_matchInfo_games_0_playerGameStats_7_firstBlood,props_pageProps_match_matchInfo_games_0_playerGameStats_7_gameUrn,props_pageProps_match_matchInfo_games_0_playerGameStats_7_goldAt15m,props_pageProps_match_matchInfo_games_0_playerGameStats_7_goldDiffAt15m,props_pageProps_match_matchInfo_games_0_playerGameStats_7_isoDeaths,props_pageProps_match_matchInfo_games_0_playerGameStats_7_jungleProx,props_pageProps_match_matchInfo_games_0_playerGameStats_7_kills,props_pageProps_match_matchInfo_games_0_playerGameStats_7_minionKills,props_pageProps_match_matchInfo_games_0_playerGameStats_7_neutralMinionKills,props_pageProps_match_matchInfo_games_0_playerGameStats_7_neutralMinionKillsEnemyJungle,props_pageProps_match_matchInfo_games_0_playerGameStats_7_neutralMinionKillsTeamJungle,props_pageProps_match_matchInfo_games_0_playerGameStats_7_numRecalls,props_pageProps_match_matchInfo_games_0_playerGameStats_7_pentaKills,props_pageProps_match_matchInfo_games_0_playerGameStats_7_percInMidLane,props_pageProps_match_matchInfo_games_0_playerGameStats_7_player,props_pageProps_match_matchInfo_games_0_playerGameStats_7_playerPerid,props_pageProps_match_matchInfo_games_0_playerGameStats_7_playerUrn,props_pageProps_match_matchInfo_games_0_playerGameStats_7_quadKills,props_pageProps_match_matchInfo_games_0_playerGameStats_7_role,props_pageProps_match_matchInfo_games_0_playerGameStats_7_side,props_pageProps_match_matchInfo_games_0_playerGameStats_7_soloKills,props_pageProps_match_matchInfo_games_0_playerGameStats_7_team,props_pageProps_match_matchInfo_games_0_playerGameStats_7_teamPerid,props_pageProps_match_matchInfo_games_0_playerGameStats_7_totalDamageTeamfights,props_pageProps_match_matchInfo_games_0_playerGameStats_7_totalGold,props_pageProps_match_matchInfo_games_0_playerGameStats_7_tripleKills,props_pageProps_match_matchInfo_games_0_playerGameStats_7_visionScore,props_pageProps_match_matchInfo_games_0_playerGameStats_7_wardsKilled,props_pageProps_match_matchInfo_games_0_playerGameStats_7_wardsPlaced,props_pageProps_match_matchInfo_games_0_playerGameStats_8___typename,props_pageProps_match_matchInfo_games_0_playerGameStats_8_assists,props_pageProps_match_matchInfo_games_0_playerGameStats_8_avgDamagePerTeamfight,props_pageProps_match_matchInfo_games_0_playerGameStats_8_avgMinsBetweenDeaths,props_pageProps_match_matchInfo_games_0_playerGameStats_8_avgMinsBetweenKills,props_pageProps_match_matchInfo_games_0_playerGameStats_8_bestOf,props_pageProps_match_matchInfo_games_0_playerGameStats_8_champion,props_pageProps_match_matchInfo_games_0_playerGameStats_8_currGame,props_pageProps_match_matchInfo_games_0_playerGameStats_8_deaths,props_pageProps_match_matchInfo_games_0_playerGameStats_8_dmgHealedOnTeamPerMin,props_pageProps_match_matchInfo_games_0_playerGameStats_8_dmgShieldedOnTeamPerMin,props_pageProps_match_matchInfo_games_0_playerGameStats_8_dmgToChampsPerMin,props_pageProps_match_matchInfo_games_0_playerGameStats_8_doubleKills,props_pageProps_match_matchInfo_games_0_playerGameStats_8_duoProx,props_pageProps_match_matchInfo_games_0_playerGameStats_8_firstBlood,props_pageProps_match_matchInfo_games_0_playerGameStats_8_gameUrn,props_pageProps_match_matchInfo_games_0_playerGameStats_8_goldAt15m,props_pageProps_match_matchInfo_games_0_playerGameStats_8_goldDiffAt15m,props_pageProps_match_matchInfo_games_0_playerGameStats_8_isoDeaths,props_pageProps_match_matchInfo_games_0_playerGameStats_8_jungleProx,props_pageProps_match_matchInfo_games_0_playerGameStats_8_kills,props_pageProps_match_matchInfo_games_0_playerGameStats_8_minionKills,props_pageProps_match_matchInfo_games_0_playerGameStats_8_neutralMinionKills,props_pageProps_match_matchInfo_games_0_playerGameStats_8_neutralMinionKillsEnemyJungle,props_pageProps_match_matchInfo_games_0_playerGameStats_8_neutralMinionKillsTeamJungle,props_pageProps_match_matchInfo_games_0_playerGameStats_8_numRecalls,props_pageProps_match_matchInfo_games_0_playerGameStats_8_pentaKills,props_pageProps_match_matchInfo_games_0_playerGameStats_8_percInMidLane,props_pageProps_match_matchInfo_games_0_playerGameStats_8_player,props_pageProps_match_matchInfo_games_0_playerGameStats_8_playerPerid,props_pageProps_match_matchInfo_games_0_playerGameStats_8_playerUrn,props_pageProps_match_matchInfo_games_0_playerGameStats_8_quadKills,props_pageProps_match_matchInfo_games_0_playerGameStats_8_role,props_pageProps_match_matchInfo_games_0_playerGameStats_8_side,props_pageProps_match_matchInfo_games_0_playerGameStats_8_soloKills,props_pageProps_match_matchInfo_games_0_playerGameStats_8_team,props_pageProps_match_matchInfo_games_0_playerGameStats_8_teamPerid,props_pageProps_match_matchInfo_games_0_playerGameStats_8_totalDamageTeamfights,props_pageProps_match_matchInfo_games_0_playerGameStats_8_totalGold,props_pageProps_match_matchInfo_games_0_playerGameStats_8_tripleKills,props_pageProps_match_matchInfo_games_0_playerGameStats_8_visionScore,props_pageProps_match_matchInfo_games_0_playerGameStats_8_wardsKilled,props_pageProps_match_matchInfo_games_0_playerGameStats_8_wardsPlaced,props_pageProps_match_matchInfo_games_0_playerGameStats_9___typename,props_pageProps_match_matchInfo_games_0_playerGameStats_9_assists,props_pageProps_match_matchInfo_games_0_playerGameStats_9_avgDamagePerTeamfight,props_pageProps_match_matchInfo_games_0_playerGameStats_9_avgMinsBetweenDeaths,props_pageProps_match_matchInfo_games_0_playerGameStats_9_avgMinsBetweenKills,props_pageProps_match_matchInfo_games_0_playerGameStats_9_bestOf,props_pageProps_match_matchInfo_games_0_playerGameStats_9_champion,props_pageProps_match_matchInfo_games_0_playerGameStats_9_currGame,props_pageProps_match_matchInfo_games_0_playerGameStats_9_deaths,props_pageProps_match_matchInfo_games_0_playerGameStats_9_dmgHealedOnTeamPerMin,props_pageProps_match_matchInfo_games_0_playerGameStats_9_dmgShieldedOnTeamPerMin,props_pageProps_match_matchInfo_games_0_playerGameStats_9_dmgToChampsPerMin,props_pageProps_match_matchInfo_games_0_playerGameStats_9_doubleKills,props_pageProps_match_matchInfo_games_0_playerGameStats_9_duoProx,props_pageProps_match_matchInfo_games_0_playerGameStats_9_firstBlood,props_pageProps_match_matchInfo_games_0_playerGameStats_9_gameUrn,props_pageProps_match_matchInfo_games_0_playerGameStats_9_goldAt15m,props_pageProps_match_matchInfo_games_0_playerGameStats_9_goldDiffAt15m,props_pageProps_match_matchInfo_games_0_playerGameStats_9_isoDeaths,props_pageProps_match_matchInfo_games_0_playerGameStats_9_jungleProx,props_pageProps_match_matchInfo_games_0_playerGameStats_9_kills,props_pageProps_match_matchInfo_games_0_playerGameStats_9_minionKills,props_pageProps_match_matchInfo_games_0_playerGameStats_9_neutralMinionKills,props_pageProps_match_matchInfo_games_0_playerGameStats_9_neutralMinionKillsEnemyJungle,props_pageProps_match_matchInfo_games_0_playerGameStats_9_neutralMinionKillsTeamJungle,props_pageProps_match_matchInfo_games_0_playerGameStats_9_numRecalls,props_pageProps_match_matchInfo_games_0_playerGameStats_9_pentaKills,props_pageProps_match_matchInfo_games_0_playerGameStats_9_percInMidLane,props_pageProps_match_matchInfo_games_0_playerGameStats_9_player,props_pageProps_match_matchInfo_games_0_playerGameStats_9_playerPerid,props_pageProps_match_matchInfo_games_0_playerGameStats_9_playerUrn,props_pageProps_match_matchInfo_games_0_playerGameStats_9_quadKills,props_pageProps_match_matchInfo_games_0_playerGameStats_9_role,props_pageProps_match_matchInfo_games_0_playerGameStats_9_side,props_pageProps_match_matchInfo_games_0_playerGameStats_9_soloKills,props_pageProps_match_matchInfo_games_0_playerGameStats_9_team,props_pageProps_match_matchInfo_games_0_playerGameStats_9_teamPerid,props_pageProps_match_matchInfo_games_0_playerGameStats_9_totalDamageTeamfights,props_pageProps_match_matchInfo_games_0_playerGameStats_9_totalGold,props_pageProps_match_matchInfo_games_0_playerGameStats_9_tripleKills,props_pageProps_match_matchInfo_games_0_playerGameStats_9_visionScore,props_pageProps_match_matchInfo_games_0_playerGameStats_9_wardsKilled,props_pageProps_match_matchInfo_games_0_playerGameStats_9_wardsPlaced,props_pageProps_match_matchInfo_games_0_rb1,props_pageProps_match_matchInfo_games_0_rb2,props_pageProps_match_matchInfo_games_0_rb3,props_pageProps_match_matchInfo_games_0_rb4,props_pageProps_match_matchInfo_games_0_rb5,props_pageProps_match_matchInfo_games_0_region,props_pageProps_match_matchInfo_games_0_rp1,props_pageProps_match_matchInfo_games_0_rp2,props_pageProps_match_matchInfo_games_0_rp3,props_pageProps_match_matchInfo_games_0_rp4,props_pageProps_match_matchInfo_games_0_rp5,props_pageProps_match_matchInfo_games_0_seriesCurr,props_pageProps_match_matchInfo_games_0_seriesMax,props_pageProps_match_matchInfo_games_0_seriesType,props_pageProps_match_matchInfo_games_0_snapshotPlayerStats_0___typename,props_pageProps_match_matchInfo_games_0_snapshotPlayerStats_0_alive,props_pageProps_match_matchInfo_games_0_snapshotPlayerStats_0_assists,props_pageProps_match_matchInfo_games_0_snapshotPlayerStats_0_ccReduction,props_pageProps_match_matchInfo_games_0_snapshotPlayerStats_0_champion,props_pageProps_match_matchInfo_games_0_snapshotPlayerStats_0_champsKilled,props_pageProps_match_matchInfo_games_0_snapshotPlayerStats_0_cooldownReduction,props_pageProps_match_matchInfo_games_0_snapshotPlayerStats_0_currentGold,props_pageProps_match_matchInfo_games_0_snapshotPlayerStats_0_deaths,props_pageProps_match_matchInfo_games_0_snapshotPlayerStats_0_eventDateTime,props_pageProps_match_matchInfo_games_0_snapshotPlayerStats_0_gameOver,props_pageProps_match_matchInfo_games_0_snapshotPlayerStats_0_gameTime,props_pageProps_match_matchInfo_games_0_snapshotPlayerStats_0_goldPerSecond,props_pageProps_match_matchInfo_games_0_snapshotPlayerStats_0_health,props_pageProps_match_matchInfo_games_0_snapshotPlayerStats_0_healthMax,props_pageProps_match_matchInfo_games_0_snapshotPlayerStats_0_item10Id,props_pageProps_match_matchInfo_games_0_snapshotPlayerStats_0_item11Id,props_pageProps_match_matchInfo_games_0_snapshotPlayerStats_0_item1Id,props_pageProps_match_matchInfo_games_0_snapshotPlayerStats_0_item2Id,props_pageProps_match_matchInfo_games_0_snapshotPlayerStats_0_item3Id,props_pageProps_match_matchInfo_games_0_snapshotPlayerStats_0_item4Id,props_pageProps_match_matchInfo_games_0_snapshotPlayerStats_0_item5Id,props_pageProps_match_matchInfo_games_0_snapshotPlayerStats_0_item6Id,props_pageProps_match_matchInfo_games_0_snapshotPlayerStats_0_item7Id,props_pageProps_match_matchInfo_games_0_snapshotPlayerStats_0_item8Id,props_pageProps_match_matchInfo_games_0_snapshotPlayerStats_0_item9Id,props_pageProps_match_matchInfo_games_0_snapshotPlayerStats_0_level,props_pageProps_match_matchInfo_games_0_snapshotPlayerStats_0_lifeSteal,props_pageProps_match_matchInfo_games_0_snapshotPlayerStats_0_minionsKilled,props_pageProps_match_matchInfo_games_0_snapshotPlayerStats_0_neutralMinionsKilled,props_pageProps_match_matchInfo_games_0_snapshotPlayerStats_0_neutralMinionsKilledEnemyJungle,props_pageProps_match_matchInfo_games_0_snapshotPlayerStats_0_neutralMinionsKilledYourJungle,props_pageProps_match_matchInfo_games_0_snapshotPlayerStats_0_paused,props_pageProps_match_matchInfo_games_0_snapshotPlayerStats_0_player,props_pageProps_match_matchInfo_games_0_snapshotPlayerStats_0_playerPerid,props_pageProps_match_matchInfo_games_0_snapshotPlayerStats_0_playerUrn,props_pageProps_match_matchInfo_games_0_snapshotPlayerStats_0_posX,props_pageProps_match_matchInfo_games_0_snapshotPlayerStats_0_posY,props_pageProps_match_matchInfo_games_0_snapshotPlayerStats_0_respawnTimer,props_pageProps_match_matchInfo_games_0_snapshotPlayerStats_0_rune1Id,props_pageProps_match_matchInfo_games_0_snapshotPlayerStats_0_rune2Id,props_pageProps_match_matchInfo_games_0_snapshotPlayerStats_0_rune3Id,props_pageProps_match_matchInfo_games_0_snapshotPlayerStats_0_rune4Id,props_pageProps_match_matchInfo_games_0_snapshotPlayerStats_0_rune5Id,props_pageProps_match_matchInfo_games_0_snapshotPlayerStats_0_rune6Id,props_pageProps_match_matchInfo_games_0_snapshotPlayerStats_0_spellVamp,props_pageProps_match_matchInfo_games_0_snapshotPlayerStats_0_summonerLevel,props_pageProps_match_matchInfo_games_0_snapshotPlayerStats_0_team,props_pageProps_match_matchInfo_games_0_snapshotPlayerStats_0_teamPerid,props_pageProps_match_matchInfo_games_0_snapshotPlayerStats_0_teamUrn,props_pageProps_match_matchInfo_games_0_snapshotPlayerStats_0_totalGold,props_pageProps_match_matchInfo_games_0_snapshotPlayerStats_0_trinket1Id,props_pageProps_match_matchInfo_games_0_snapshotPlayerStats_0_trinket2Id,props_pageProps_match_matchInfo_games_0_snapshotPlayerStats_0_trinket3Id,props_pageProps_match_matchInfo_games_0_snapshotPlayerStats_0_trinket4Id,props_pageProps_match_matchInfo_games_0_snapshotPlayerStats_0_trinket5Id,props_pageProps_match_matchInfo_games_0_snapshotPlayerStats_0_upsertAt,props_pageProps_match_matchInfo_games_0_snapshotPlayerStats_0_visionScore,props_pageProps_match_matchInfo_games_0_snapshotPlayerStats_0_wardsKilled,props_pageProps_match_matchInfo_games_0_snapshotPlayerStats_0_wardsPlaced,props_pageProps_match_matchInfo_games_0_snapshotPlayerStats_0_winningTeam,props_pageProps_match_matchInfo_games_0_snapshotPlayerStats_0_xp,props_pageProps_match_matchInfo_games_0_snapshotPlayerStats_1___typename,props_pageProps_match_matchInfo_games_0_snapshotPlayerStats_1_alive,props_pageProps_match_matchInfo_games_0_snapshotPlayerStats_1_assists,props_pageProps_match_matchInfo_games_0_snapshotPlayerStats_1_ccReduction,props_pageProps_match_matchInfo_games_0_snapshotPlayerStats_1_champion,props_pageProps_match_matchInfo_games_0_snapshotPlayerStats_1_champsKilled,props_pageProps_match_matchInfo_games_0_snapshotPlayerStats_1_cooldownReduction,props_pageProps_match_matchInfo_games_0_snapshotPlayerStats_1_currentGold,props_pageProps_match_matchInfo_games_0_snapshotPlayerStats_1_deaths,props_pageProps_match_matchInfo_games_0_snapshotPlayerStats_1_eventDateTime,props_pageProps_match_matchInfo_games_0_snapshotPlayerStats_1_gameOver,props_pageProps_match_matchInfo_games_0_snapshotPlayerStats_1_gameTime,props_pageProps_match_matchInfo_games_0_snapshotPlayerStats_1_goldPerSecond,props_pageProps_match_matchInfo_games_0_snapshotPlayerStats_1_health,props_pageProps_match_matchInfo_games_0_snapshotPlayerStats_1_healthMax,props_pageProps_match_matchInfo_games_0_snapshotPlayerStats_1_item10Id,props_pageProps_match_matchInfo_games_0_snapshotPlayerStats_1_item11Id,props_pageProps_match_matchInfo_games_0_snapshotPlayerStats_1_item1Id,props_pageProps_match_matchInfo_games_0_snapshotPlayerStats_1_item2Id,props_pageProps_match_matchInfo_games_0_snapshotPlayerStats_1_item3Id,props_pageProps_match_matchInfo_games_0_snapshotPlayerStats_1_item4Id,props_pageProps_match_matchInfo_games_0_snapshotPlayerStats_1_item5Id,props_pageProps_match_matchInfo_games_0_snapshotPlayerStats_1_item6Id,props_pageProps_match_matchInfo_games_0_snapshotPlayerStats_1_item7Id,props_pageProps_match_matchInfo_games_0_snapshotPlayerStats_1_item8Id,props_pageProps_match_matchInfo_games_0_snapshotPlayerStats_1_item9Id,props_pageProps_match_matchInfo_games_0_snapshotPlayerStats_1_level,props_pageProps_match_matchInfo_games_0_snapshotPlayerStats_1_lifeSteal,props_pageProps_match_matchInfo_games_0_snapshotPlayerStats_1_minionsKilled,props_pageProps_match_matchInfo_games_0_snapshotPlayerStats_1_neutralMinionsKilled,props_pageProps_match_matchInfo_games_0_snapshotPlayerStats_1_neutralMinionsKilledEnemyJungle,props_pageProps_match_matchInfo_games_0_snapshotPlayerStats_1_neutralMinionsKilledYourJungle,props_pageProps_match_matchInfo_games_0_snapshotPlayerStats_1_paused,props_pageProps_match_matchInfo_games_0_snapshotPlayerStats_1_player,props_pageProps_match_matchInfo_games_0_snapshotPlayerStats_1_playerPerid,props_pageProps_match_matchInfo_games_0_snapshotPlayerStats_1_playerUrn,props_pageProps_match_matchInfo_games_0_snapshotPlayerStats_1_posX,props_pageProps_match_matchInfo_games_0_snapshotPlayerStats_1_posY,props_pageProps_match_matchInfo_games_0_snapshotPlayerStats_1_respawnTimer,props_pageProps_match_matchInfo_games_0_snapshotPlayerStats_1_rune1Id,props_pageProps_match_matchInfo_games_0_snapshotPlayerStats_1_rune2Id,props_pageProps_match_matchInfo_games_0_snapshotPlayerStats_1_rune3Id,props_pageProps_match_matchInfo_games_0_snapshotPlayerStats_1_rune4Id,props_pageProps_match_matchInfo_games_0_snapshotPlayerStats_1_rune5Id,props_pageProps_match_matchInfo_games_0_snapshotPlayerStats_1_rune6Id,props_pageProps_match_matchInfo_games_0_snapshotPlayerStats_1_spellVamp,props_pageProps_match_matchInfo_games_0_snapshotPlayerStats_1_summonerLevel,props_pageProps_match_matchInfo_games_0_snapshotPlayerStats_1_team,props_pageProps_match_matchInfo_games_0_snapshotPlayerStats_1_teamPerid,props_pageProps_match_matchInfo_games_0_snapshotPlayerStats_1_teamUrn,props_pageProps_match_matchInfo_games_0_snapshotPlayerStats_1_totalGold,props_pageProps_match_matchInfo_games_0_snapshotPlayerStats_1_trinket1Id,props_pageProps_match_matchInfo_games_0_snapshotPlayerStats_1_trinket2Id,props_pageProps_match_matchInfo_games_0_snapshotPlayerStats_1_trinket3Id,props_pageProps_match_matchInfo_games_0_snapshotPlayerStats_1_trinket4Id,props_pageProps_match_matchInfo_games_0_snapshotPlayerStats_1_trinket5Id,props_pageProps_match_matchInfo_games_0_snapshotPlayerStats_1_upsertAt,props_pageProps_match_matchInfo_games_0_snapshotPlayerStats_1_visionScore,props_pageProps_match_matchInfo_games_0_snapshotPlayerStats_1_wardsKilled,props_pageProps_match_matchInfo_games_0_snapshotPlayerStats_1_wardsPlaced,props_pageProps_match_matchInfo_games_0_snapshotPlayerStats_1_winningTeam,props_pageProps_match_matchInfo_games_0_snapshotPlayerStats_1_xp,props_pageProps_match_matchInfo_games_0_snapshotPlayerStats_2___typename,props_pageProps_match_matchInfo_games_0_snapshotPlayerStats_2_alive,props_pageProps_match_matchInfo_games_0_snapshotPlayerStats_2_assists,props_pageProps_match_matchInfo_games_0_snapshotPlayerStats_2_ccReduction,props_pageProps_match_matchInfo_games_0_snapshotPlayerStats_2_champion,props_pageProps_match_matchInfo_games_0_snapshotPlayerStats_2_champsKilled,props_pageProps_match_matchInfo_games_0_snapshotPlayerStats_2_cooldownReduction,props_pageProps_match_matchInfo_games_0_snapshotPlayerStats_2_currentGold,props_pageProps_match_matchInfo_games_0_snapshotPlayerStats_2_deaths,props_pageProps_match_matchInfo_games_0_snapshotPlayerStats_2_eventDateTime,props_pageProps_match_matchInfo_games_0_snapshotPlayerStats_2_gameOver,props_pageProps_match_matchInfo_games_0_snapshotPlayerStats_2_gameTime,props_pageProps_match_matchInfo_games_0_snapshotPlayerStats_2_goldPerSecond,props_pageProps_match_matchInfo_games_0_snapshotPlayerStats_2_health,props_pageProps_match_matchInfo_games_0_snapshotPlayerStats_2_healthMax,props_pageProps_match_matchInfo_games_0_snapshotPlayerStats_2_item10Id,props_pageProps_match_matchInfo_games_0_snapshotPlayerStats_2_item11Id,props_pageProps_match_matchInfo_games_0_snapshotPlayerStats_2_item1Id,props_pageProps_match_matchInfo_games_0_snapshotPlayerStats_2_item2Id,props_pageProps_match_matchInfo_games_0_snapshotPlayerStats_2_item3Id,props_pageProps_match_matchInfo_games_0_snapshotPlayerStats_2_item4Id,props_pageProps_match_matchInfo_games_0_snapshotPlayerStats_2_item5Id,props_pageProps_match_matchInfo_games_0_snapshotPlayerStats_2_item6Id,props_pageProps_match_matchInfo_games_0_snapshotPlayerStats_2_item7Id,props_pageProps_match_matchInfo_games_0_snapshotPlayerStats_2_item8Id,props_pageProps_match_matchInfo_games_0_snapshotPlayerStats_2_item9Id,props_pageProps_match_matchInfo_games_0_snapshotPlayerStats_2_level,props_pageProps_match_matchInfo_games_0_snapshotPlayerStats_2_lifeSteal,props_pageProps_match_matchInfo_games_0_snapshotPlayerStats_2_minionsKilled,props_pageProps_match_matchInfo_games_0_snapshotPlayerStats_2_neutralMinionsKilled,props_pageProps_match_matchInfo_games_0_snapshotPlayerStats_2_neutralMinionsKilledEnemyJungle,props_pageProps_match_matchInfo_games_0_snapshotPlayerStats_2_neutralMinionsKilledYourJungle,props_pageProps_match_matchInfo_games_0_snapshotPlayerStats_2_paused,props_pageProps_match_matchInfo_games_0_snapshotPlayerStats_2_player,props_pageProps_match_matchInfo_games_0_snapshotPlayerStats_2_playerPerid,props_pageProps_match_matchInfo_games_0_snapshotPlayerStats_2_playerUrn,props_pageProps_match_matchInfo_games_0_snapshotPlayerStats_2_posX,props_pageProps_match_matchInfo_games_0_snapshotPlayerStats_2_posY,props_pageProps_match_matchInfo_games_0_snapshotPlayerStats_2_respawnTimer,props_pageProps_match_matchInfo_games_0_snapshotPlayerStats_2_rune1Id,props_pageProps_match_matchInfo_games_0_snapshotPlayerStats_2_rune2Id,props_pageProps_match_matchInfo_games_0_snapshotPlayerStats_2_rune3Id,props_pageProps_match_matchInfo_games_0_snapshotPlayerStats_2_rune4Id,props_pageProps_match_matchInfo_games_0_snapshotPlayerStats_2_rune5Id,props_pageProps_match_matchInfo_games_0_snapshotPlayerStats_2_rune6Id,props_pageProps_match_matchInfo_games_0_snapshotPlayerStats_2_spellVamp,props_pageProps_match_matchInfo_games_0_snapshotPlayerStats_2_summonerLevel,props_pageProps_match_matchInfo_games_0_snapshotPlayerStats_2_team,props_pageProps_match_matchInfo_games_0_snapshotPlayerStats_2_teamPerid,props_pageProps_match_matchInfo_games_0_snapshotPlayerStats_2_teamUrn,props_pageProps_match_matchInfo_games_0_snapshotPlayerStats_2_totalGold,props_pageProps_match_matchInfo_games_0_snapshotPlayerStats_2_trinket1Id,props_pageProps_match_matchInfo_games_0_snapshotPlayerStats_2_trinket2Id,props_pageProps_match_matchInfo_games_0_snapshotPlayerStats_2_trinket3Id,props_pageProps_match_matchInfo_games_0_snapshotPlayerStats_2_trinket4Id,props_pageProps_match_matchInfo_games_0_snapshotPlayerStats_2_trinket5Id,props_pageProps_match_matchInfo_games_0_snapshotPlayerStats_2_upsertAt,props_pageProps_match_matchInfo_games_0_snapshotPlayerStats_2_visionScore,props_pageProps_match_matchInfo_games_0_snapshotPlayerStats_2_wardsKilled,props_pageProps_match_matchInfo_games_0_snapshotPlayerStats_2_wardsPlaced,props_pageProps_match_matchInfo_games_0_snapshotPlayerStats_2_winningTeam,props_pageProps_match_matchInfo_games_0_snapshotPlayerStats_2_xp,props_pageProps_match_matchInfo_games_0_snapshotPlayerStats_3___typename,props_pageProps_match_matchInfo_games_0_snapshotPlayerStats_3_alive,props_pageProps_match_matchInfo_games_0_snapshotPlayerStats_3_assists,props_pageProps_match_matchInfo_games_0_snapshotPlayerStats_3_ccReduction,props_pageProps_match_matchInfo_games_0_snapshotPlayerStats_3_champion,props_pageProps_match_matchInfo_games_0_snapshotPlayerStats_3_champsKilled,props_pageProps_match_matchInfo_games_0_snapshotPlayerStats_3_cooldownReduction,props_pageProps_match_matchInfo_games_0_snapshotPlayerStats_3_currentGold,props_pageProps_match_matchInfo_games_0_snapshotPlayerStats_3_deaths,props_pageProps_match_matchInfo_games_0_snapshotPlayerStats_3_eventDateTime,props_pageProps_match_matchInfo_games_0_snapshotPlayerStats_3_gameOver,props_pageProps_match_matchInfo_games_0_snapshotPlayerStats_3_gameTime,props_pageProps_match_matchInfo_games_0_snapshotPlayerStats_3_goldPerSecond,props_pageProps_match_matchInfo_games_0_snapshotPlayerStats_3_health,props_pageProps_match_matchInfo_games_0_snapshotPlayerStats_3_healthMax,props_pageProps_match_matchInfo_games_0_snapshotPlayerStats_3_item10Id,props_pageProps_match_matchInfo_games_0_snapshotPlayerStats_3_item11Id,props_pageProps_match_matchInfo_games_0_snapshotPlayerStats_3_item1Id,props_pageProps_match_matchInfo_games_0_snapshotPlayerStats_3_item2Id,props_pageProps_match_matchInfo_games_0_snapshotPlayerStats_3_item3Id,props_pageProps_match_matchInfo_games_0_snapshotPlayerStats_3_item4Id,props_pageProps_match_matchInfo_games_0_snapshotPlayerStats_3_item5Id,props_pageProps_match_matchInfo_games_0_snapshotPlayerStats_3_item6Id,props_pageProps_match_matchInfo_games_0_snapshotPlayerStats_3_item7Id,props_pageProps_match_matchInfo_games_0_snapshotPlayerStats_3_item8Id,props_pageProps_match_matchInfo_games_0_snapshotPlayerStats_3_item9Id,props_pageProps_match_matchInfo_games_0_snapshotPlayerStats_3_level,props_pageProps_match_matchInfo_games_0_snapshotPlayerStats_3_lifeSteal,props_pageProps_match_matchInfo_games_0_snapshotPlayerStats_3_minionsKilled,props_pageProps_match_matchInfo_games_0_snapshotPlayerStats_3_neutralMinionsKilled,props_pageProps_match_matchInfo_games_0_snapshotPlayerStats_3_neutralMinionsKilledEnemyJungle,props_pageProps_match_matchInfo_games_0_snapshotPlayerStats_3_neutralMinionsKilledYourJungle,props_pageProps_match_matchInfo_games_0_snapshotPlayerStats_3_paused,props_pageProps_match_matchInfo_games_0_snapshotPlayerStats_3_player,props_pageProps_match_matchInfo_games_0_snapshotPlayerStats_3_playerPerid,props_pageProps_match_matchInfo_games_0_snapshotPlayerStats_3_playerUrn,props_pageProps_match_matchInfo_games_0_snapshotPlayerStats_3_posX,props_pageProps_match_matchInfo_games_0_snapshotPlayerStats_3_posY,props_pageProps_match_matchInfo_games_0_snapshotPlayerStats_3_respawnTimer,props_pageProps_match_matchInfo_games_0_snapshotPlayerStats_3_rune1Id,props_pageProps_match_matchInfo_games_0_snapshotPlayerStats_3_rune2Id,props_pageProps_match_matchInfo_games_0_snapshotPlayerStats_3_rune3Id,props_pageProps_match_matchInfo_games_0_snapshotPlayerStats_3_rune4Id,props_pageProps_match_matchInfo_games_0_snapshotPlayerStats_3_rune5Id,props_pageProps_match_matchInfo_games_0_snapshotPlayerStats_3_rune6Id,props_pageProps_match_matchInfo_games_0_snapshotPlayerStats_3_spellVamp,props_pageProps_match_matchInfo_games_0_snapshotPlayerStats_3_summonerLevel,props_pageProps_match_matchInfo_games_0_snapshotPlayerStats_3_team,props_pageProps_match_matchInfo_games_0_snapshotPlayerStats_3_teamPerid,props_pageProps_match_matchInfo_games_0_snapshotPlayerStats_3_teamUrn,props_pageProps_match_matchInfo_games_0_snapshotPlayerStats_3_totalGold,props_pageProps_match_matchInfo_games_0_snapshotPlayerStats_3_trinket1Id,props_pageProps_match_matchInfo_games_0_snapshotPlayerStats_3_trinket2Id,props_pageProps_match_matchInfo_games_0_snapshotPlayerStats_3_trinket3Id,props_pageProps_match_matchInfo_games_0_snapshotPlayerStats_3_trinket4Id,props_pageProps_match_matchInfo_games_0_snapshotPlayerStats_3_trinket5Id,props_pageProps_match_matchInfo_games_0_snapshotPlayerStats_3_upsertAt,props_pageProps_match_matchInfo_games_0_snapshotPlayerStats_3_visionScore,props_pageProps_match_matchInfo_games_0_snapshotPlayerStats_3_wardsKilled,props_pageProps_match_matchInfo_games_0_snapshotPlayerStats_3_wardsPlaced,props_pageProps_match_matchInfo_games_0_snapshotPlayerStats_3_winningTeam,props_pageProps_match_matchInfo_games_0_snapshotPlayerStats_3_xp,props_pageProps_match_matchInfo_games_0_snapshotPlayerStats_4___typename,props_pageProps_match_matchInfo_games_0_snapshotPlayerStats_4_alive,props_pageProps_match_matchInfo_games_0_snapshotPlayerStats_4_assists,props_pageProps_match_matchInfo_games_0_snapshotPlayerStats_4_ccReduction,props_pageProps_match_matchInfo_games_0_snapshotPlayerStats_4_champion,props_pageProps_match_matchInfo_games_0_snapshotPlayerStats_4_champsKilled,props_pageProps_match_matchInfo_games_0_snapshotPlayerStats_4_cooldownReduction,props_pageProps_match_matchInfo_games_0_snapshotPlayerStats_4_currentGold,props_pageProps_match_matchInfo_games_0_snapshotPlayerStats_4_deaths,props_pageProps_match_matchInfo_games_0_snapshotPlayerStats_4_eventDateTime,props_pageProps_match_matchInfo_games_0_snapshotPlayerStats_4_gameOver,props_pageProps_match_matchInfo_games_0_snapshotPlayerStats_4_gameTime,props_pageProps_match_matchInfo_games_0_snapshotPlayerStats_4_goldPerSecond,props_pageProps_match_matchInfo_games_0_snapshotPlayerStats_4_health,props_pageProps_match_matchInfo_games_0_snapshotPlayerStats_4_healthMax,props_pageProps_match_matchInfo_games_0_snapshotPlayerStats_4_item10Id,props_pageProps_match_matchInfo_games_0_snapshotPlayerStats_4_item11Id,props_pageProps_match_matchInfo_games_0_snapshotPlayerStats_4_item1Id,props_pageProps_match_matchInfo_games_0_snapshotPlayerStats_4_item2Id,props_pageProps_match_matchInfo_games_0_snapshotPlayerStats_4_item3Id,props_pageProps_match_matchInfo_games_0_snapshotPlayerStats_4_item4Id,props_pageProps_match_matchInfo_games_0_snapshotPlayerStats_4_item5Id,props_pageProps_match_matchInfo_games_0_snapshotPlayerStats_4_item6Id,props_pageProps_match_matchInfo_games_0_snapshotPlayerStats_4_item7Id,props_pageProps_match_matchInfo_games_0_snapshotPlayerStats_4_item8Id,props_pageProps_match_matchInfo_games_0_snapshotPlayerStats_4_item9Id,props_pageProps_match_matchInfo_games_0_snapshotPlayerStats_4_level,props_pageProps_match_matchInfo_games_0_snapshotPlayerStats_4_lifeSteal,props_pageProps_match_matchInfo_games_0_snapshotPlayerStats_4_minionsKilled,props_pageProps_match_matchInfo_games_0_snapshotPlayerStats_4_neutralMinionsKilled,props_pageProps_match_matchInfo_games_0_snapshotPlayerStats_4_neutralMinionsKilledEnemyJungle,props_pageProps_match_matchInfo_games_0_snapshotPlayerStats_4_neutralMinionsKilledYourJungle,props_pageProps_match_matchInfo_games_0_snapshotPlayerStats_4_paused,props_pageProps_match_matchInfo_games_0_snapshotPlayerStats_4_player,props_pageProps_match_matchInfo_games_0_snapshotPlayerStats_4_playerPerid,props_pageProps_match_matchInfo_games_0_snapshotPlayerStats_4_playerUrn,props_pageProps_match_matchInfo_games_0_snapshotPlayerStats_4_posX,props_pageProps_match_matchInfo_games_0_snapshotPlayerStats_4_posY,props_pageProps_match_matchInfo_games_0_snapshotPlayerStats_4_respawnTimer,props_pageProps_match_matchInfo_games_0_snapshotPlayerStats_4_rune1Id,props_pageProps_match_matchInfo_games_0_snapshotPlayerStats_4_rune2Id,props_pageProps_match_matchInfo_games_0_snapshotPlayerStats_4_rune3Id,props_pageProps_match_matchInfo_games_0_snapshotPlayerStats_4_rune4Id,props_pageProps_match_matchInfo_games_0_snapshotPlayerStats_4_rune5Id,props_pageProps_match_matchInfo_games_0_snapshotPlayerStats_4_rune6Id,props_pageProps_match_matchInfo_games_0_snapshotPlayerStats_4_spellVamp,props_pageProps_match_matchInfo_games_0_snapshotPlayerStats_4_summonerLevel,props_pageProps_match_matchInfo_games_0_snapshotPlayerStats_4_team,props_pageProps_match_matchInfo_games_0_snapshotPlayerStats_4_teamPerid,props_pageProps_match_matchInfo_games_0_snapshotPlayerStats_4_teamUrn,props_pageProps_match_matchInfo_games_0_snapshotPlayerStats_4_totalGold,props_pageProps_match_matchInfo_games_0_snapshotPlayerStats_4_trinket1Id,props_pageProps_match_matchInfo_games_0_snapshotPlayerStats_4_trinket2Id,props_pageProps_match_matchInfo_games_0_snapshotPlayerStats_4_trinket3Id,props_pageProps_match_matchInfo_games_0_snapshotPlayerStats_4_trinket4Id,props_pageProps_match_matchInfo_games_0_snapshotPlayerStats_4_trinket5Id,props_pageProps_match_matchInfo_games_0_snapshotPlayerStats_4_upsertAt,props_pageProps_match_matchInfo_games_0_snapshotPlayerStats_4_visionScore,props_pageProps_match_matchInfo_games_0_snapshotPlayerStats_4_wardsKilled,props_pageProps_match_matchInfo_games_0_snapshotPlayerStats_4_wardsPlaced,props_pageProps_match_matchInfo_games_0_snapshotPlayerStats_4_winningTeam,props_pageProps_match_matchInfo_games_0_snapshotPlayerStats_4_xp,props_pageProps_match_matchInfo_games_0_snapshotPlayerStats_5___typename,props_pageProps_match_matchInfo_games_0_snapshotPlayerStats_5_alive,props_pageProps_match_matchInfo_games_0_snapshotPlayerStats_5_assists,props_pageProps_match_matchInfo_games_0_snapshotPlayerStats_5_ccReduction,props_pageProps_match_matchInfo_games_0_snapshotPlayerStats_5_champion,props_pageProps_match_matchInfo_games_0_snapshotPlayerStats_5_champsKilled,props_pageProps_match_matchInfo_games_0_snapshotPlayerStats_5_cooldownReduction,props_pageProps_match_matchInfo_games_0_snapshotPlayerStats_5_currentGold,props_pageProps_match_matchInfo_games_0_snapshotPlayerStats_5_deaths,props_pageProps_match_matchInfo_games_0_snapshotPlayerStats_5_eventDateTime,props_pageProps_match_matchInfo_games_0_snapshotPlayerStats_5_gameOver,props_pageProps_match_matchInfo_games_0_snapshotPlayerStats_5_gameTime,props_pageProps_match_matchInfo_games_0_snapshotPlayerStats_5_goldPerSecond,props_pageProps_match_matchInfo_games_0_snapshotPlayerStats_5_health,props_pageProps_match_matchInfo_games_0_snapshotPlayerStats_5_healthMax,props_pageProps_match_matchInfo_games_0_snapshotPlayerStats_5_item10Id,props_pageProps_match_matchInfo_games_0_snapshotPlayerStats_5_item11Id,props_pageProps_match_matchInfo_games_0_snapshotPlayerStats_5_item1Id,props_pageProps_match_matchInfo_games_0_snapshotPlayerStats_5_item2Id,props_pageProps_match_matchInfo_games_0_snapshotPlayerStats_5_item3Id,props_pageProps_match_matchInfo_games_0_snapshotPlayerStats_5_item4Id,props_pageProps_match_matchInfo_games_0_snapshotPlayerStats_5_item5Id,props_pageProps_match_matchInfo_games_0_snapshotPlayerStats_5_item6Id,props_pageProps_match_matchInfo_games_0_snapshotPlayerStats_5_item7Id,props_pageProps_match_matchInfo_games_0_snapshotPlayerStats_5_item8Id,props_pageProps_match_matchInfo_games_0_snapshotPlayerStats_5_item9Id,props_pageProps_match_matchInfo_games_0_snapshotPlayerStats_5_level,props_pageProps_match_matchInfo_games_0_snapshotPlayerStats_5_lifeSteal,props_pageProps_match_matchInfo_games_0_snapshotPlayerStats_5_minionsKilled,props_pageProps_match_matchInfo_games_0_snapshotPlayerStats_5_neutralMinionsKilled,props_pageProps_match_matchInfo_games_0_snapshotPlayerStats_5_neutralMinionsKilledEnemyJungle,props_pageProps_match_matchInfo_games_0_snapshotPlayerStats_5_neutralMinionsKilledYourJungle,props_pageProps_match_matchInfo_games_0_snapshotPlayerStats_5_paused,props_pageProps_match_matchInfo_games_0_snapshotPlayerStats_5_player,props_pageProps_match_matchInfo_games_0_snapshotPlayerStats_5_playerPerid,props_pageProps_match_matchInfo_games_0_snapshotPlayerStats_5_playerUrn,props_pageProps_match_matchInfo_games_0_snapshotPlayerStats_5_posX,props_pageProps_match_matchInfo_games_0_snapshotPlayerStats_5_posY,props_pageProps_match_matchInfo_games_0_snapshotPlayerStats_5_respawnTimer,props_pageProps_match_matchInfo_games_0_snapshotPlayerStats_5_rune1Id,props_pageProps_match_matchInfo_games_0_snapshotPlayerStats_5_rune2Id,props_pageProps_match_matchInfo_games_0_snapshotPlayerStats_5_rune3Id,props_pageProps_match_matchInfo_games_0_snapshotPlayerStats_5_rune4Id,props_pageProps_match_matchInfo_games_0_snapshotPlayerStats_5_rune5Id,props_pageProps_match_matchInfo_games_0_snapshotPlayerStats_5_rune6Id,props_pageProps_match_matchInfo_games_0_snapshotPlayerStats_5_spellVamp,props_pageProps_match_matchInfo_games_0_snapshotPlayerStats_5_summonerLevel,props_pageProps_match_matchInfo_games_0_snapshotPlayerStats_5_team,props_pageProps_match_matchInfo_games_0_snapshotPlayerStats_5_teamPerid,props_pageProps_match_matchInfo_games_0_snapshotPlayerStats_5_teamUrn,props_pageProps_match_matchInfo_games_0_snapshotPlayerStats_5_totalGold,props_pageProps_match_matchInfo_games_0_snapshotPlayerStats_5_trinket1Id,props_pageProps_match_matchInfo_games_0_snapshotPlayerStats_5_trinket2Id,props_pageProps_match_matchInfo_games_0_snapshotPlayerStats_5_trinket3Id,props_pageProps_match_matchInfo_games_0_snapshotPlayerStats_5_trinket4Id,props_pageProps_match_matchInfo_games_0_snapshotPlayerStats_5_trinket5Id,props_pageProps_match_matchInfo_games_0_snapshotPlayerStats_5_upsertAt,props_pageProps_match_matchInfo_games_0_snapshotPlayerStats_5_visionScore,props_pageProps_match_matchInfo_games_0_snapshotPlayerStats_5_wardsKilled,props_pageProps_match_matchInfo_games_0_snapshotPlayerStats_5_wardsPlaced,props_pageProps_match_matchInfo_games_0_snapshotPlayerStats_5_winningTeam,props_pageProps_match_matchInfo_games_0_snapshotPlayerStats_5_xp,props_pageProps_match_matchInfo_games_0_snapshotPlayerStats_6___typename,props_pageProps_match_matchInfo_games_0_snapshotPlayerStats_6_alive,props_pageProps_match_matchInfo_games_0_snapshotPlayerStats_6_assists,props_pageProps_match_matchInfo_games_0_snapshotPlayerStats_6_ccReduction,props_pageProps_match_matchInfo_games_0_snapshotPlayerStats_6_champion,props_pageProps_match_matchInfo_games_0_snapshotPlayerStats_6_champsKilled,props_pageProps_match_matchInfo_games_0_snapshotPlayerStats_6_cooldownReduction,props_pageProps_match_matchInfo_games_0_snapshotPlayerStats_6_currentGold,props_pageProps_match_matchInfo_games_0_snapshotPlayerStats_6_deaths,props_pageProps_match_matchInfo_games_0_snapshotPlayerStats_6_eventDateTime,props_pageProps_match_matchInfo_games_0_snapshotPlayerStats_6_gameOver,props_pageProps_match_matchInfo_games_0_snapshotPlayerStats_6_gameTime,props_pageProps_match_matchInfo_games_0_snapshotPlayerStats_6_goldPerSecond,props_pageProps_match_matchInfo_games_0_snapshotPlayerStats_6_health,props_pageProps_match_matchInfo_games_0_snapshotPlayerStats_6_healthMax,props_pageProps_match_matchInfo_games_0_snapshotPlayerStats_6_item10Id,props_pageProps_match_matchInfo_games_0_snapshotPlayerStats_6_item11Id,props_pageProps_match_matchInfo_games_0_snapshotPlayerStats_6_item1Id,props_pageProps_match_matchInfo_games_0_snapshotPlayerStats_6_item2Id,props_pageProps_match_matchInfo_games_0_snapshotPlayerStats_6_item3Id,props_pageProps_match_matchInfo_games_0_snapshotPlayerStats_6_item4Id,props_pageProps_match_matchInfo_games_0_snapshotPlayerStats_6_item5Id,props_pageProps_match_matchInfo_games_0_snapshotPlayerStats_6_item6Id,props_pageProps_match_matchInfo_games_0_snapshotPlayerStats_6_item7Id,props_pageProps_match_matchInfo_games_0_snapshotPlayerStats_6_item8Id,props_pageProps_match_matchInfo_games_0_snapshotPlayerStats_6_item9Id,props_pageProps_match_matchInfo_games_0_snapshotPlayerStats_6_level,props_pageProps_match_matchInfo_games_0_snapshotPlayerStats_6_lifeSteal,props_pageProps_match_matchInfo_games_0_snapshotPlayerStats_6_minionsKilled,props_pageProps_match_matchInfo_games_0_snapshotPlayerStats_6_neutralMinionsKilled,props_pageProps_match_matchInfo_games_0_snapshotPlayerStats_6_neutralMinionsKilledEnemyJungle,props_pageProps_match_matchInfo_games_0_snapshotPlayerStats_6_neutralMinionsKilledYourJungle,props_pageProps_match_matchInfo_games_0_snapshotPlayerStats_6_paused,props_pageProps_match_matchInfo_games_0_snapshotPlayerStats_6_player,props_pageProps_match_matchInfo_games_0_snapshotPlayerStats_6_playerPerid,props_pageProps_match_matchInfo_games_0_snapshotPlayerStats_6_playerUrn,props_pageProps_match_matchInfo_games_0_snapshotPlayerStats_6_posX,props_pageProps_match_matchInfo_games_0_snapshotPlayerStats_6_posY,props_pageProps_match_matchInfo_games_0_snapshotPlayerStats_6_respawnTimer,props_pageProps_match_matchInfo_games_0_snapshotPlayerStats_6_rune1Id,props_pageProps_match_matchInfo_games_0_snapshotPlayerStats_6_rune2Id,props_pageProps_match_matchInfo_games_0_snapshotPlayerStats_6_rune3Id,props_pageProps_match_matchInfo_games_0_snapshotPlayerStats_6_rune4Id,props_pageProps_match_matchInfo_games_0_snapshotPlayerStats_6_rune5Id,props_pageProps_match_matchInfo_games_0_snapshotPlayerStats_6_rune6Id,props_pageProps_match_matchInfo_games_0_snapshotPlayerStats_6_spellVamp,props_pageProps_match_matchInfo_games_0_snapshotPlayerStats_6_summonerLevel,props_pageProps_match_matchInfo_games_0_snapshotPlayerStats_6_team,props_pageProps_match_matchInfo_games_0_snapshotPlayerStats_6_teamPerid,props_pageProps_match_matchInfo_games_0_snapshotPlayerStats_6_teamUrn,props_pageProps_match_matchInfo_games_0_snapshotPlayerStats_6_totalGold,props_pageProps_match_matchInfo_games_0_snapshotPlayerStats_6_trinket1Id,props_pageProps_match_matchInfo_games_0_snapshotPlayerStats_6_trinket2Id,props_pageProps_match_matchInfo_games_0_snapshotPlayerStats_6_trinket3Id,props_pageProps_match_matchInfo_games_0_snapshotPlayerStats_6_trinket4Id,props_pageProps_match_matchInfo_games_0_snapshotPlayerStats_6_trinket5Id,props_pageProps_match_matchInfo_games_0_snapshotPlayerStats_6_upsertAt,props_pageProps_match_matchInfo_games_0_snapshotPlayerStats_6_visionScore,props_pageProps_match_matchInfo_games_0_snapshotPlayerStats_6_wardsKilled,props_pageProps_match_matchInfo_games_0_snapshotPlayerStats_6_wardsPlaced,props_pageProps_match_matchInfo_games_0_snapshotPlayerStats_6_winningTeam,props_pageProps_match_matchInfo_games_0_snapshotPlayerStats_6_xp,props_pageProps_match_matchInfo_games_0_snapshotPlayerStats_7___typename,props_pageProps_match_matchInfo_games_0_snapshotPlayerStats_7_alive,props_pageProps_match_matchInfo_games_0_snapshotPlayerStats_7_assists,props_pageProps_match_matchInfo_games_0_snapshotPlayerStats_7_ccReduction,props_pageProps_match_matchInfo_games_0_snapshotPlayerStats_7_champion,props_pageProps_match_matchInfo_games_0_snapshotPlayerStats_7_champsKilled,props_pageProps_match_matchInfo_games_0_snapshotPlayerStats_7_cooldownReduction,props_pageProps_match_matchInfo_games_0_snapshotPlayerStats_7_currentGold,props_pageProps_match_matchInfo_games_0_snapshotPlayerStats_7_deaths,props_pageProps_match_matchInfo_games_0_snapshotPlayerStats_7_eventDateTime,props_pageProps_match_matchInfo_games_0_snapshotPlayerStats_7_gameOver,props_pageProps_match_matchInfo_games_0_snapshotPlayerStats_7_gameTime,props_pageProps_match_matchInfo_games_0_snapshotPlayerStats_7_goldPerSecond,props_pageProps_match_matchInfo_games_0_snapshotPlayerStats_7_health,props_pageProps_match_matchInfo_games_0_snapshotPlayerStats_7_healthMax,props_pageProps_match_matchInfo_games_0_snapshotPlayerStats_7_item10Id,props_pageProps_match_matchInfo_games_0_snapshotPlayerStats_7_item11Id,props_pageProps_match_matchInfo_games_0_snapshotPlayerStats_7_item1Id,props_pageProps_match_matchInfo_games_0_snapshotPlayerStats_7_item2Id,props_pageProps_match_matchInfo_games_0_snapshotPlayerStats_7_item3Id,props_pageProps_match_matchInfo_games_0_snapshotPlayerStats_7_item4Id,props_pageProps_match_matchInfo_games_0_snapshotPlayerStats_7_item5Id,props_pageProps_match_matchInfo_games_0_snapshotPlayerStats_7_item6Id,props_pageProps_match_matchInfo_games_0_snapshotPlayerStats_7_item7Id,props_pageProps_match_matchInfo_games_0_snapshotPlayerStats_7_item8Id,props_pageProps_match_matchInfo_games_0_snapshotPlayerStats_7_item9Id,props_pageProps_match_matchInfo_games_0_snapshotPlayerStats_7_level,props_pageProps_match_matchInfo_games_0_snapshotPlayerStats_7_lifeSteal,props_pageProps_match_matchInfo_games_0_snapshotPlayerStats_7_minionsKilled,props_pageProps_match_matchInfo_games_0_snapshotPlayerStats_7_neutralMinionsKilled,props_pageProps_match_matchInfo_games_0_snapshotPlayerStats_7_neutralMinionsKilledEnemyJungle,props_pageProps_match_matchInfo_games_0_snapshotPlayerStats_7_neutralMinionsKilledYourJungle,props_pageProps_match_matchInfo_games_0_snapshotPlayerStats_7_paused,props_pageProps_match_matchInfo_games_0_snapshotPlayerStats_7_player,props_pageProps_match_matchInfo_games_0_snapshotPlayerStats_7_playerPerid,props_pageProps_match_matchInfo_games_0_snapshotPlayerStats_7_playerUrn,props_pageProps_match_matchInfo_games_0_snapshotPlayerStats_7_posX,props_pageProps_match_matchInfo_games_0_snapshotPlayerStats_7_posY,props_pageProps_match_matchInfo_games_0_snapshotPlayerStats_7_respawnTimer,props_pageProps_match_matchInfo_games_0_snapshotPlayerStats_7_rune1Id,props_pageProps_match_matchInfo_games_0_snapshotPlayerStats_7_rune2Id,props_pageProps_match_matchInfo_games_0_snapshotPlayerStats_7_rune3Id,props_pageProps_match_matchInfo_games_0_snapshotPlayerStats_7_rune4Id,props_pageProps_match_matchInfo_games_0_snapshotPlayerStats_7_rune5Id,props_pageProps_match_matchInfo_games_0_snapshotPlayerStats_7_rune6Id,props_pageProps_match_matchInfo_games_0_snapshotPlayerStats_7_spellVamp,props_pageProps_match_matchInfo_games_0_snapshotPlayerStats_7_summonerLevel,props_pageProps_match_matchInfo_games_0_snapshotPlayerStats_7_team,props_pageProps_match_matchInfo_games_0_snapshotPlayerStats_7_teamPerid,props_pageProps_match_matchInfo_games_0_snapshotPlayerStats_7_teamUrn,props_pageProps_match_matchInfo_games_0_snapshotPlayerStats_7_totalGold,props_pageProps_match_matchInfo_games_0_snapshotPlayerStats_7_trinket1Id,props_pageProps_match_matchInfo_games_0_snapshotPlayerStats_7_trinket2Id,props_pageProps_match_matchInfo_games_0_snapshotPlayerStats_7_trinket3Id,props_pageProps_match_matchInfo_games_0_snapshotPlayerStats_7_trinket4Id,props_pageProps_match_matchInfo_games_0_snapshotPlayerStats_7_trinket5Id,props_pageProps_match_matchInfo_games_0_snapshotPlayerStats_7_upsertAt,props_pageProps_match_matchInfo_games_0_snapshotPlayerStats_7_visionScore,props_pageProps_match_matchInfo_games_0_snapshotPlayerStats_7_wardsKilled,props_pageProps_match_matchInfo_games_0_snapshotPlayerStats_7_wardsPlaced,props_pageProps_match_matchInfo_games_0_snapshotPlayerStats_7_winningTeam,props_pageProps_match_matchInfo_games_0_snapshotPlayerStats_7_xp,props_pageProps_match_matchInfo_games_0_snapshotPlayerStats_8___typename,props_pageProps_match_matchInfo_games_0_snapshotPlayerStats_8_alive,props_pageProps_match_matchInfo_games_0_snapshotPlayerStats_8_assists,props_pageProps_match_matchInfo_games_0_snapshotPlayerStats_8_ccReduction,props_pageProps_match_matchInfo_games_0_snapshotPlayerStats_8_champion,props_pageProps_match_matchInfo_games_0_snapshotPlayerStats_8_champsKilled,props_pageProps_match_matchInfo_games_0_snapshotPlayerStats_8_cooldownReduction,props_pageProps_match_matchInfo_games_0_snapshotPlayerStats_8_currentGold,props_pageProps_match_matchInfo_games_0_snapshotPlayerStats_8_deaths,props_pageProps_match_matchInfo_games_0_snapshotPlayerStats_8_eventDateTime,props_pageProps_match_matchInfo_games_0_snapshotPlayerStats_8_gameOver,props_pageProps_match_matchInfo_games_0_snapshotPlayerStats_8_gameTime,props_pageProps_match_matchInfo_games_0_snapshotPlayerStats_8_goldPerSecond,props_pageProps_match_matchInfo_games_0_snapshotPlayerStats_8_health,props_pageProps_match_matchInfo_games_0_snapshotPlayerStats_8_healthMax,props_pageProps_match_matchInfo_games_0_snapshotPlayerStats_8_item10Id,props_pageProps_match_matchInfo_games_0_snapshotPlayerStats_8_item11Id,props_pageProps_match_matchInfo_games_0_snapshotPlayerStats_8_item1Id,props_pageProps_match_matchInfo_games_0_snapshotPlayerStats_8_item2Id,props_pageProps_match_matchInfo_games_0_snapshotPlayerStats_8_item3Id,props_pageProps_match_matchInfo_games_0_snapshotPlayerStats_8_item4Id,props_pageProps_match_matchInfo_games_0_snapshotPlayerStats_8_item5Id,props_pageProps_match_matchInfo_games_0_snapshotPlayerStats_8_item6Id,props_pageProps_match_matchInfo_games_0_snapshotPlayerStats_8_item7Id,props_pageProps_match_matchInfo_games_0_snapshotPlayerStats_8_item8Id,props_pageProps_match_matchInfo_games_0_snapshotPlayerStats_8_item9Id,props_pageProps_match_matchInfo_games_0_snapshotPlayerStats_8_level,props_pageProps_match_matchInfo_games_0_snapshotPlayerStats_8_lifeSteal,props_pageProps_match_matchInfo_games_0_snapshotPlayerStats_8_minionsKilled,props_pageProps_match_matchInfo_games_0_snapshotPlayerStats_8_neutralMinionsKilled,props_pageProps_match_matchInfo_games_0_snapshotPlayerStats_8_neutralMinionsKilledEnemyJungle,props_pageProps_match_matchInfo_games_0_snapshotPlayerStats_8_neutralMinionsKilledYourJungle,props_pageProps_match_matchInfo_games_0_snapshotPlayerStats_8_paused,props_pageProps_match_matchInfo_games_0_snapshotPlayerStats_8_player,props_pageProps_match_matchInfo_games_0_snapshotPlayerStats_8_playerPerid,props_pageProps_match_matchInfo_games_0_snapshotPlayerStats_8_playerUrn,props_pageProps_match_matchInfo_games_0_snapshotPlayerStats_8_posX,props_pageProps_match_matchInfo_games_0_snapshotPlayerStats_8_posY,props_pageProps_match_matchInfo_games_0_snapshotPlayerStats_8_respawnTimer,props_pageProps_match_matchInfo_games_0_snapshotPlayerStats_8_rune1Id,props_pageProps_match_matchInfo_games_0_snapshotPlayerStats_8_rune2Id,props_pageProps_match_matchInfo_games_0_snapshotPlayerStats_8_rune3Id,props_pageProps_match_matchInfo_games_0_snapshotPlayerStats_8_rune4Id,props_pageProps_match_matchInfo_games_0_snapshotPlayerStats_8_rune5Id,props_pageProps_match_matchInfo_games_0_snapshotPlayerStats_8_rune6Id,props_pageProps_match_matchInfo_games_0_snapshotPlayerStats_8_spellVamp,props_pageProps_match_matchInfo_games_0_snapshotPlayerStats_8_summonerLevel,props_pageProps_match_matchInfo_games_0_snapshotPlayerStats_8_team,props_pageProps_match_matchInfo_games_0_snapshotPlayerStats_8_teamPerid,props_pageProps_match_matchInfo_games_0_snapshotPlayerStats_8_teamUrn,props_pageProps_match_matchInfo_games_0_snapshotPlayerStats_8_totalGold,props_pageProps_match_matchInfo_games_0_snapshotPlayerStats_8_trinket1Id,props_pageProps_match_matchInfo_games_0_snapshotPlayerStats_8_trinket2Id,props_pageProps_match_matchInfo_games_0_snapshotPlayerStats_8_trinket3Id,props_pageProps_match_matchInfo_games_0_snapshotPlayerStats_8_trinket4Id,props_pageProps_match_matchInfo_games_0_snapshotPlayerStats_8_trinket5Id,props_pageProps_match_matchInfo_games_0_snapshotPlayerStats_8_upsertAt,props_pageProps_match_matchInfo_games_0_snapshotPlayerStats_8_visionScore,props_pageProps_match_matchInfo_games_0_snapshotPlayerStats_8_wardsKilled,props_pageProps_match_matchInfo_games_0_snapshotPlayerStats_8_wardsPlaced,props_pageProps_match_matchInfo_games_0_snapshotPlayerStats_8_winningTeam,props_pageProps_match_matchInfo_games_0_snapshotPlayerStats_8_xp,props_pageProps_match_matchInfo_games_0_snapshotPlayerStats_9___typename,props_pageProps_match_matchInfo_games_0_snapshotPlayerStats_9_alive,props_pageProps_match_matchInfo_games_0_snapshotPlayerStats_9_assists,props_pageProps_match_matchInfo_games_0_snapshotPlayerStats_9_ccReduction,props_pageProps_match_matchInfo_games_0_snapshotPlayerStats_9_champion,props_pageProps_match_matchInfo_games_0_snapshotPlayerStats_9_champsKilled,props_pageProps_match_matchInfo_games_0_snapshotPlayerStats_9_cooldownReduction,props_pageProps_match_matchInfo_games_0_snapshotPlayerStats_9_currentGold,props_pageProps_match_matchInfo_games_0_snapshotPlayerStats_9_deaths,props_pageProps_match_matchInfo_games_0_snapshotPlayerStats_9_eventDateTime,props_pageProps_match_matchInfo_games_0_snapshotPlayerStats_9_gameOver,props_pageProps_match_matchInfo_games_0_snapshotPlayerStats_9_gameTime,props_pageProps_match_matchInfo_games_0_snapshotPlayerStats_9_goldPerSecond,props_pageProps_match_matchInfo_games_0_snapshotPlayerStats_9_health,props_pageProps_match_matchInfo_games_0_snapshotPlayerStats_9_healthMax,props_pageProps_match_matchInfo_games_0_snapshotPlayerStats_9_item10Id,props_pageProps_match_matchInfo_games_0_snapshotPlayerStats_9_item11Id,props_pageProps_match_matchInfo_games_0_snapshotPlayerStats_9_item1Id,props_pageProps_match_matchInfo_games_0_snapshotPlayerStats_9_item2Id,props_pageProps_match_matchInfo_games_0_snapshotPlayerStats_9_item3Id,props_pageProps_match_matchInfo_games_0_snapshotPlayerStats_9_item4Id,props_pageProps_match_matchInfo_games_0_snapshotPlayerStats_9_item5Id,props_pageProps_match_matchInfo_games_0_snapshotPlayerStats_9_item6Id,props_pageProps_match_matchInfo_games_0_snapshotPlayerStats_9_item7Id,props_pageProps_match_matchInfo_games_0_snapshotPlayerStats_9_item8Id,props_pageProps_match_matchInfo_games_0_snapshotPlayerStats_9_item9Id,props_pageProps_match_matchInfo_games_0_snapshotPlayerStats_9_level,props_pageProps_match_matchInfo_games_0_snapshotPlayerStats_9_lifeSteal,props_pageProps_match_matchInfo_games_0_snapshotPlayerStats_9_minionsKilled,props_pageProps_match_matchInfo_games_0_snapshotPlayerStats_9_neutralMinionsKilled,props_pageProps_match_matchInfo_games_0_snapshotPlayerStats_9_neutralMinionsKilledEnemyJungle,props_pageProps_match_matchInfo_games_0_snapshotPlayerStats_9_neutralMinionsKilledYourJungle,props_pageProps_match_matchInfo_games_0_snapshotPlayerStats_9_paused,props_pageProps_match_matchInfo_games_0_snapshotPlayerStats_9_player,props_pageProps_match_matchInfo_games_0_snapshotPlayerStats_9_playerPerid,props_pageProps_match_matchInfo_games_0_snapshotPlayerStats_9_playerUrn,props_pageProps_match_matchInfo_games_0_snapshotPlayerStats_9_posX,props_pageProps_match_matchInfo_games_0_snapshotPlayerStats_9_posY,props_pageProps_match_matchInfo_games_0_snapshotPlayerStats_9_respawnTimer,props_pageProps_match_matchInfo_games_0_snapshotPlayerStats_9_rune1Id,props_pageProps_match_matchInfo_games_0_snapshotPlayerStats_9_rune2Id,props_pageProps_match_matchInfo_games_0_snapshotPlayerStats_9_rune3Id,props_pageProps_match_matchInfo_games_0_snapshotPlayerStats_9_rune4Id,props_pageProps_match_matchInfo_games_0_snapshotPlayerStats_9_rune5Id,props_pageProps_match_matchInfo_games_0_snapshotPlayerStats_9_rune6Id,props_pageProps_match_matchInfo_games_0_snapshotPlayerStats_9_spellVamp,props_pageProps_match_matchInfo_games_0_snapshotPlayerStats_9_summonerLevel,props_pageProps_match_matchInfo_games_0_snapshotPlayerStats_9_team,props_pageProps_match_matchInfo_games_0_snapshotPlayerStats_9_teamPerid,props_pageProps_match_matchInfo_games_0_snapshotPlayerStats_9_teamUrn,props_pageProps_match_matchInfo_games_0_snapshotPlayerStats_9_totalGold,props_pageProps_match_matchInfo_games_0_snapshotPlayerStats_9_trinket1Id,props_pageProps_match_matchInfo_games_0_snapshotPlayerStats_9_trinket2Id,props_pageProps_match_matchInfo_games_0_snapshotPlayerStats_9_trinket3Id,props_pageProps_match_matchInfo_games_0_snapshotPlayerStats_9_trinket4Id,props_pageProps_match_matchInfo_games_0_snapshotPlayerStats_9_trinket5Id,props_pageProps_match_matchInfo_games_0_snapshotPlayerStats_9_upsertAt,props_pageProps_match_matchInfo_games_0_snapshotPlayerStats_9_visionScore,props_pageProps_match_matchInfo_games_0_snapshotPlayerStats_9_wardsKilled,props_pageProps_match_matchInfo_games_0_snapshotPlayerStats_9_wardsPlaced,props_pageProps_match_matchInfo_games_0_snapshotPlayerStats_9_winningTeam,props_pageProps_match_matchInfo_games_0_snapshotPlayerStats_9_xp,props_pageProps_match_matchInfo_games_0_team1Name,props_pageProps_match_matchInfo_games_0_team1Perid,props_pageProps_match_matchInfo_games_0_team1Side,props_pageProps_match_matchInfo_games_0_team1Urn,props_pageProps_match_matchInfo_games_0_team2Name,props_pageProps_match_matchInfo_games_0_team2Perid,props_pageProps_match_matchInfo_games_0_team2Side,props_pageProps_match_matchInfo_games_0_team2Urn,props_pageProps_match_matchInfo_games_0_teamGameStats_0___typename,props_pageProps_match_matchInfo_games_0_teamGameStats_0_assists,props_pageProps_match_matchInfo_games_0_teamGameStats_0_baronKills,props_pageProps_match_matchInfo_games_0_teamGameStats_0_deaths,props_pageProps_match_matchInfo_games_0_teamGameStats_0_dragonKills,props_pageProps_match_matchInfo_games_0_teamGameStats_0_gold,props_pageProps_match_matchInfo_games_0_teamGameStats_0_kills,props_pageProps_match_matchInfo_games_0_teamGameStats_0_team,props_pageProps_match_matchInfo_games_0_teamGameStats_0_teamPerid,props_pageProps_match_matchInfo_games_0_teamGameStats_0_towerKills,props_pageProps_match_matchInfo_games_0_teamGameStats_1___typename,props_pageProps_match_matchInfo_games_0_teamGameStats_1_assists,props_pageProps_match_matchInfo_games_0_teamGameStats_1_baronKills,props_pageProps_match_matchInfo_games_0_teamGameStats_1_deaths,props_pageProps_match_matchInfo_games_0_teamGameStats_1_dragonKills,props_pageProps_match_matchInfo_games_0_teamGameStats_1_gold,props_pageProps_match_matchInfo_games_0_teamGameStats_1_kills,props_pageProps_match_matchInfo_games_0_teamGameStats_1_team,props_pageProps_match_matchInfo_games_0_teamGameStats_1_teamPerid,props_pageProps_match_matchInfo_games_0_teamGameStats_1_towerKills,props_pageProps_match_matchInfo_games_0_winProb_0___typename,props_pageProps_match_matchInfo_games_0_winProb_0_gameTimeMin,props_pageProps_match_matchInfo_games_0_winProb_0_teamOneWinProb,props_pageProps_match_matchInfo_games_0_winProb_0_teamTwoWinProb,props_pageProps_match_matchInfo_games_0_winProb_1___typename,props_pageProps_match_matchInfo_games_0_winProb_1_gameTimeMin,props_pageProps_match_matchInfo_games_0_winProb_1_teamOneWinProb,props_pageProps_match_matchInfo_games_0_winProb_1_teamTwoWinProb,props_pageProps_match_matchInfo_games_0_winProb_2___typename,props_pageProps_match_matchInfo_games_0_winProb_2_gameTimeMin,props_pageProps_match_matchInfo_games_0_winProb_2_teamOneWinProb,props_pageProps_match_matchInfo_games_0_winProb_2_teamTwoWinProb,props_pageProps_match_matchInfo_games_0_winProb_3___typename,props_pageProps_match_matchInfo_games_0_winProb_3_gameTimeMin,props_pageProps_match_matchInfo_games_0_winProb_3_teamOneWinProb,props_pageProps_match_matchInfo_games_0_winProb_3_teamTwoWinProb,props_pageProps_match_matchInfo_games_0_winProb_4___typename,props_pageProps_match_matchInfo_games_0_winProb_4_gameTimeMin,props_pageProps_match_matchInfo_games_0_winProb_4_teamOneWinProb,props_pageProps_match_matchInfo_games_0_winProb_4_teamTwoWinProb,props_pageProps_match_matchInfo_games_0_winProb_5___typename,props_pageProps_match_matchInfo_games_0_winProb_5_gameTimeMin,props_pageProps_match_matchInfo_games_0_winProb_5_teamOneWinProb,props_pageProps_match_matchInfo_games_0_winProb_5_teamTwoWinProb,props_pageProps_match_matchInfo_games_0_winProb_6___typename,props_pageProps_match_matchInfo_games_0_winProb_6_gameTimeMin,props_pageProps_match_matchInfo_games_0_winProb_6_teamOneWinProb,props_pageProps_match_matchInfo_games_0_winProb_6_teamTwoWinProb,props_pageProps_match_matchInfo_games_0_winProb_7___typename,props_pageProps_match_matchInfo_games_0_winProb_7_gameTimeMin,props_pageProps_match_matchInfo_games_0_winProb_7_teamOneWinProb,props_pageProps_match_matchInfo_games_0_winProb_7_teamTwoWinProb,props_pageProps_match_matchInfo_games_0_winProb_8___typename,props_pageProps_match_matchInfo_games_0_winProb_8_gameTimeMin,props_pageProps_match_matchInfo_games_0_winProb_8_teamOneWinProb,props_pageProps_match_matchInfo_games_0_winProb_8_teamTwoWinProb,props_pageProps_match_matchInfo_games_0_winProb_9___typename,props_pageProps_match_matchInfo_games_0_winProb_9_gameTimeMin,props_pageProps_match_matchInfo_games_0_winProb_9_teamOneWinProb,props_pageProps_match_matchInfo_games_0_winProb_9_teamTwoWinProb,props_pageProps_match_matchInfo_games_0_winProb_10___typename,props_pageProps_match_matchInfo_games_0_winProb_10_gameTimeMin,props_pageProps_match_matchInfo_games_0_winProb_10_teamOneWinProb,props_pageProps_match_matchInfo_games_0_winProb_10_teamTwoWinProb,props_pageProps_match_matchInfo_games_0_winProb_11___typename,props_pageProps_match_matchInfo_games_0_winProb_11_gameTimeMin,props_pageProps_match_matchInfo_games_0_winProb_11_teamOneWinProb,props_pageProps_match_matchInfo_games_0_winProb_11_teamTwoWinProb,props_pageProps_match_matchInfo_games_0_winProb_12___typename,props_pageProps_match_matchInfo_games_0_winProb_12_gameTimeMin,props_pageProps_match_matchInfo_games_0_winProb_12_teamOneWinProb,props_pageProps_match_matchInfo_games_0_winProb_12_teamTwoWinProb,props_pageProps_match_matchInfo_games_0_winProb_13___typename,props_pageProps_match_matchInfo_games_0_winProb_13_gameTimeMin,props_pageProps_match_matchInfo_games_0_winProb_13_teamOneWinProb,props_pageProps_match_matchInfo_games_0_winProb_13_teamTwoWinProb,props_pageProps_match_matchInfo_games_0_winProb_14___typename,props_pageProps_match_matchInfo_games_0_winProb_14_gameTimeMin,props_pageProps_match_matchInfo_games_0_winProb_14_teamOneWinProb,props_pageProps_match_matchInfo_games_0_winProb_14_teamTwoWinProb,props_pageProps_match_matchInfo_games_0_winProb_15___typename,props_pageProps_match_matchInfo_games_0_winProb_15_gameTimeMin,props_pageProps_match_matchInfo_games_0_winProb_15_teamOneWinProb,props_pageProps_match_matchInfo_games_0_winProb_15_teamTwoWinProb,props_pageProps_match_matchInfo_games_0_winProb_16___typename,props_pageProps_match_matchInfo_games_0_winProb_16_gameTimeMin,props_pageProps_match_matchInfo_games_0_winProb_16_teamOneWinProb,props_pageProps_match_matchInfo_games_0_winProb_16_teamTwoWinProb,props_pageProps_match_matchInfo_games_0_winProb_17___typename,props_pageProps_match_matchInfo_games_0_winProb_17_gameTimeMin,props_pageProps_match_matchInfo_games_0_winProb_17_teamOneWinProb,props_pageProps_match_matchInfo_games_0_winProb_17_teamTwoWinProb,props_pageProps_match_matchInfo_games_0_winProb_18___typename,props_pageProps_match_matchInfo_games_0_winProb_18_gameTimeMin,props_pageProps_match_matchInfo_games_0_winProb_18_teamOneWinProb,props_pageProps_match_matchInfo_games_0_winProb_18_teamTwoWinProb,props_pageProps_match_matchInfo_games_0_winProb_19___typename,props_pageProps_match_matchInfo_games_0_winProb_19_gameTimeMin,props_pageProps_match_matchInfo_games_0_winProb_19_teamOneWinProb,props_pageProps_match_matchInfo_games_0_winProb_19_teamTwoWinProb,props_pageProps_match_matchInfo_games_0_winProb_20___typename,props_pageProps_match_matchInfo_games_0_winProb_20_gameTimeMin,props_pageProps_match_matchInfo_games_0_winProb_20_teamOneWinProb,props_pageProps_match_matchInfo_games_0_winProb_20_teamTwoWinProb,props_pageProps_match_matchInfo_games_0_winProb_21___typename,props_pageProps_match_matchInfo_games_0_winProb_21_gameTimeMin,props_pageProps_match_matchInfo_games_0_winProb_21_teamOneWinProb,props_pageProps_match_matchInfo_games_0_winProb_21_teamTwoWinProb,props_pageProps_match_matchInfo_games_0_winProb_22___typename,props_pageProps_match_matchInfo_games_0_winProb_22_gameTimeMin,props_pageProps_match_matchInfo_games_0_winProb_22_teamOneWinProb,props_pageProps_match_matchInfo_games_0_winProb_22_teamTwoWinProb,props_pageProps_match_matchInfo_games_0_winProb_23___typename,props_pageProps_match_matchInfo_games_0_winProb_23_gameTimeMin,props_pageProps_match_matchInfo_games_0_winProb_23_teamOneWinProb,props_pageProps_match_matchInfo_games_0_winProb_23_teamTwoWinProb,props_pageProps_match_matchInfo_games_0_winProb_24___typename,props_pageProps_match_matchInfo_games_0_winProb_24_gameTimeMin,props_pageProps_match_matchInfo_games_0_winProb_24_teamOneWinProb,props_pageProps_match_matchInfo_games_0_winProb_24_teamTwoWinProb,props_pageProps_match_matchInfo_games_0_winProb_25___typename,props_pageProps_match_matchInfo_games_0_winProb_25_gameTimeMin,props_pageProps_match_matchInfo_games_0_winProb_25_teamOneWinProb,props_pageProps_match_matchInfo_games_0_winProb_25_teamTwoWinProb,props_pageProps_match_matchInfo_games_0_winProb_26___typename,props_pageProps_match_matchInfo_games_0_winProb_26_gameTimeMin,props_pageProps_match_matchInfo_games_0_winProb_26_teamOneWinProb,props_pageProps_match_matchInfo_games_0_winProb_26_teamTwoWinProb,props_pageProps_match_matchInfo_games_0_winProb_27___typename,props_pageProps_match_matchInfo_games_0_winProb_27_gameTimeMin,props_pageProps_match_matchInfo_games_0_winProb_27_teamOneWinProb,props_pageProps_match_matchInfo_games_0_winProb_27_teamTwoWinProb,props_pageProps_match_matchInfo_games_0_winProb_28___typename,props_pageProps_match_matchInfo_games_0_winProb_28_gameTimeMin,props_pageProps_match_matchInfo_games_0_winProb_28_teamOneWinProb,props_pageProps_match_matchInfo_games_0_winProb_28_teamTwoWinProb,props_pageProps_match_matchInfo_games_0_winProb_29___typename,props_pageProps_match_matchInfo_games_0_winProb_29_gameTimeMin,props_pageProps_match_matchInfo_games_0_winProb_29_teamOneWinProb,props_pageProps_match_matchInfo_games_0_winProb_29_teamTwoWinProb,props_pageProps_match_matchInfo_games_0_winProb_30___typename,props_pageProps_match_matchInfo_games_0_winProb_30_gameTimeMin,props_pageProps_match_matchInfo_games_0_winProb_30_teamOneWinProb,props_pageProps_match_matchInfo_games_0_winProb_30_teamTwoWinProb,props_pageProps_match_matchInfo_games_0_winProb_31___typename,props_pageProps_match_matchInfo_games_0_winProb_31_gameTimeMin,props_pageProps_match_matchInfo_games_0_winProb_31_teamOneWinProb,props_pageProps_match_matchInfo_games_0_winProb_31_teamTwoWinProb,props_pageProps_match_matchInfo_games_0_winProb_32___typename,props_pageProps_match_matchInfo_games_0_winProb_32_gameTimeMin,props_pageProps_match_matchInfo_games_0_winProb_32_teamOneWinProb,props_pageProps_match_matchInfo_games_0_winProb_32_teamTwoWinProb,props_pageProps_match_matchInfo_games_0_winProb_33___typename,props_pageProps_match_matchInfo_games_0_winProb_33_gameTimeMin,props_pageProps_match_matchInfo_games_0_winProb_33_teamOneWinProb,props_pageProps_match_matchInfo_games_0_winProb_33_teamTwoWinProb,props_pageProps_match_matchInfo_games_0_winProb_34___typename,props_pageProps_match_matchInfo_games_0_winProb_34_gameTimeMin,props_pageProps_match_matchInfo_games_0_winProb_34_teamOneWinProb,props_pageProps_match_matchInfo_games_0_winProb_34_teamTwoWinProb,props_pageProps_match_matchInfo_games_0_winProb_35___typename,props_pageProps_match_matchInfo_games_0_winProb_35_gameTimeMin,props_pageProps_match_matchInfo_games_0_winProb_35_teamOneWinProb,props_pageProps_match_matchInfo_games_0_winProb_35_teamTwoWinProb,props_pageProps_match_matchInfo_games_0_winProb_36___typename,props_pageProps_match_matchInfo_games_0_winProb_36_gameTimeMin,props_pageProps_match_matchInfo_games_0_winProb_36_teamOneWinProb,props_pageProps_match_matchInfo_games_0_winProb_36_teamTwoWinProb,props_pageProps_match_matchInfo_games_0_winProb_37___typename,props_pageProps_match_matchInfo_games_0_winProb_37_gameTimeMin,props_pageProps_match_matchInfo_games_0_winProb_37_teamOneWinProb,props_pageProps_match_matchInfo_games_0_winProb_37_teamTwoWinProb,props_pageProps_match_matchInfo_games_0_winProb_38___typename,props_pageProps_match_matchInfo_games_0_winProb_38_gameTimeMin,props_pageProps_match_matchInfo_games_0_winProb_38_teamOneWinProb,props_pageProps_match_matchInfo_games_0_winProb_38_teamTwoWinProb,props_pageProps_match_matchInfo_games_0_winProb_39___typename,props_pageProps_match_matchInfo_games_0_winProb_39_gameTimeMin,props_pageProps_match_matchInfo_games_0_winProb_39_teamOneWinProb,props_pageProps_match_matchInfo_games_0_winProb_39_teamTwoWinProb,props_pageProps_match_matchInfo_games_0_winProb_40___typename,props_pageProps_match_matchInfo_games_0_winProb_40_gameTimeMin,props_pageProps_match_matchInfo_games_0_winProb_40_teamOneWinProb,props_pageProps_match_matchInfo_games_0_winProb_40_teamTwoWinProb,props_pageProps_match_matchInfo_games_0_winProb_41___typename,props_pageProps_match_matchInfo_games_0_winProb_41_gameTimeMin,props_pageProps_match_matchInfo_games_0_winProb_41_teamOneWinProb,props_pageProps_match_matchInfo_games_0_winProb_41_teamTwoWinProb,props_pageProps_match_matchInfo_games_0_winProb_42___typename,props_pageProps_match_matchInfo_games_0_winProb_42_gameTimeMin,props_pageProps_match_matchInfo_games_0_winProb_42_teamOneWinProb,props_pageProps_match_matchInfo_games_0_winProb_42_teamTwoWinProb,props_pageProps_match_matchInfo_games_0_winProb_43___typename,props_pageProps_match_matchInfo_games_0_winProb_43_gameTimeMin,props_pageProps_match_matchInfo_games_0_winProb_43_teamOneWinProb,props_pageProps_match_matchInfo_games_0_winProb_43_teamTwoWinProb,props_pageProps_match_matchInfo_games_0_winProb_44___typename,props_pageProps_match_matchInfo_games_0_winProb_44_gameTimeMin,props_pageProps_match_matchInfo_games_0_winProb_44_teamOneWinProb,props_pageProps_match_matchInfo_games_0_winProb_44_teamTwoWinProb,props_pageProps_match_matchInfo_games_0_winProb_45___typename,props_pageProps_match_matchInfo_games_0_winProb_45_gameTimeMin,props_pageProps_match_matchInfo_games_0_winProb_45_teamOneWinProb,props_pageProps_match_matchInfo_games_0_winProb_45_teamTwoWinProb,props_pageProps_match_matchInfo_games_0_winProb_46___typename,props_pageProps_match_matchInfo_games_0_winProb_46_gameTimeMin,props_pageProps_match_matchInfo_games_0_winProb_46_teamOneWinProb,props_pageProps_match_matchInfo_games_0_winProb_46_teamTwoWinProb,props_pageProps_match_matchInfo_games_0_winProb_47___typename,props_pageProps_match_matchInfo_games_0_winProb_47_gameTimeMin,props_pageProps_match_matchInfo_games_0_winProb_47_teamOneWinProb,props_pageProps_match_matchInfo_games_0_winProb_47_teamTwoWinProb,props_pageProps_match_matchInfo_games_0_winProb_48___typename,props_pageProps_match_matchInfo_games_0_winProb_48_gameTimeMin,props_pageProps_match_matchInfo_games_0_winProb_48_teamOneWinProb,props_pageProps_match_matchInfo_games_0_winProb_48_teamTwoWinProb,props_pageProps_match_matchInfo_games_0_winProb_49___typename,props_pageProps_match_matchInfo_games_0_winProb_49_gameTimeMin,props_pageProps_match_matchInfo_games_0_winProb_49_teamOneWinProb,props_pageProps_match_matchInfo_games_0_winProb_49_teamTwoWinProb,props_pageProps_match_matchInfo_games_0_winProb_50___typename,props_pageProps_match_matchInfo_games_0_winProb_50_gameTimeMin,props_pageProps_match_matchInfo_games_0_winProb_50_teamOneWinProb,props_pageProps_match_matchInfo_games_0_winProb_50_teamTwoWinProb,props_pageProps_match_matchInfo_games_0_winProb_51___typename,props_pageProps_match_matchInfo_games_0_winProb_51_gameTimeMin,props_pageProps_match_matchInfo_games_0_winProb_51_teamOneWinProb,props_pageProps_match_matchInfo_games_0_winProb_51_teamTwoWinProb,props_pageProps_match_matchInfo_games_0_winProb_52___typename,props_pageProps_match_matchInfo_games_0_winProb_52_gameTimeMin,props_pageProps_match_matchInfo_games_0_winProb_52_teamOneWinProb,props_pageProps_match_matchInfo_games_0_winProb_52_teamTwoWinProb,props_pageProps_match_matchInfo_games_0_winProb_53___typename,props_pageProps_match_matchInfo_games_0_winProb_53_gameTimeMin,props_pageProps_match_matchInfo_games_0_winProb_53_teamOneWinProb,props_pageProps_match_matchInfo_games_0_winProb_53_teamTwoWinProb,props_pageProps_match_matchInfo_games_0_winProb_54___typename,props_pageProps_match_matchInfo_games_0_winProb_54_gameTimeMin,props_pageProps_match_matchInfo_games_0_winProb_54_teamOneWinProb,props_pageProps_match_matchInfo_games_0_winProb_54_teamTwoWinProb,props_pageProps_match_matchInfo_games_0_winProb_55___typename,props_pageProps_match_matchInfo_games_0_winProb_55_gameTimeMin,props_pageProps_match_matchInfo_games_0_winProb_55_teamOneWinProb,props_pageProps_match_matchInfo_games_0_winProb_55_teamTwoWinProb,props_pageProps_match_matchInfo_games_0_winProb_56___typename,props_pageProps_match_matchInfo_games_0_winProb_56_gameTimeMin,props_pageProps_match_matchInfo_games_0_winProb_56_teamOneWinProb,props_pageProps_match_matchInfo_games_0_winProb_56_teamTwoWinProb,props_pageProps_match_matchInfo_games_0_winProb_57___typename,props_pageProps_match_matchInfo_games_0_winProb_57_gameTimeMin,props_pageProps_match_matchInfo_games_0_winProb_57_teamOneWinProb,props_pageProps_match_matchInfo_games_0_winProb_57_teamTwoWinProb,props_pageProps_match_matchInfo_games_0_winProb_58___typename,props_pageProps_match_matchInfo_games_0_winProb_58_gameTimeMin,props_pageProps_match_matchInfo_games_0_winProb_58_teamOneWinProb,props_pageProps_match_matchInfo_games_0_winProb_58_teamTwoWinProb,props_pageProps_match_matchInfo_games_0_winProb_59___typename,props_pageProps_match_matchInfo_games_0_winProb_59_gameTimeMin,props_pageProps_match_matchInfo_games_0_winProb_59_teamOneWinProb,props_pageProps_match_matchInfo_games_0_winProb_59_teamTwoWinProb,props_pageProps_match_matchInfo_games_0_winProb_60___typename,props_pageProps_match_matchInfo_games_0_winProb_60_gameTimeMin,props_pageProps_match_matchInfo_games_0_winProb_60_teamOneWinProb,props_pageProps_match_matchInfo_games_0_winProb_60_teamTwoWinProb,props_pageProps_match_matchInfo_games_0_winProb_61___typename,props_pageProps_match_matchInfo_games_0_winProb_61_gameTimeMin,props_pageProps_match_matchInfo_games_0_winProb_61_teamOneWinProb,props_pageProps_match_matchInfo_games_0_winProb_61_teamTwoWinProb,props_pageProps_match_matchInfo_games_0_winProb_62___typename,props_pageProps_match_matchInfo_games_0_winProb_62_gameTimeMin,props_pageProps_match_matchInfo_games_0_winProb_62_teamOneWinProb,props_pageProps_match_matchInfo_games_0_winProb_62_teamTwoWinProb,props_pageProps_match_matchInfo_games_0_winProb_63___typename,props_pageProps_match_matchInfo_games_0_winProb_63_gameTimeMin,props_pageProps_match_matchInfo_games_0_winProb_63_teamOneWinProb,props_pageProps_match_matchInfo_games_0_winProb_63_teamTwoWinProb,props_pageProps_match_matchInfo_games_0_winProb_64___typename,props_pageProps_match_matchInfo_games_0_winProb_64_gameTimeMin,props_pageProps_match_matchInfo_games_0_winProb_64_teamOneWinProb,props_pageProps_match_matchInfo_games_0_winProb_64_teamTwoWinProb,props_pageProps_match_matchInfo_games_0_winProb_65___typename,props_pageProps_match_matchInfo_games_0_winProb_65_gameTimeMin,props_pageProps_match_matchInfo_games_0_winProb_65_teamOneWinProb,props_pageProps_match_matchInfo_games_0_winProb_65_teamTwoWinProb,props_pageProps_match_matchInfo_games_0_winProb_66___typename,props_pageProps_match_matchInfo_games_0_winProb_66_gameTimeMin,props_pageProps_match_matchInfo_games_0_winProb_66_teamOneWinProb,props_pageProps_match_matchInfo_games_0_winProb_66_teamTwoWinProb,props_pageProps_match_matchInfo_games_0_winProb_67___typename,props_pageProps_match_matchInfo_games_0_winProb_67_gameTimeMin,props_pageProps_match_matchInfo_games_0_winProb_67_teamOneWinProb,props_pageProps_match_matchInfo_games_0_winProb_67_teamTwoWinProb,props_pageProps_match_matchInfo_games_0_winProb_68___typename,props_pageProps_match_matchInfo_games_0_winProb_68_gameTimeMin,props_pageProps_match_matchInfo_games_0_winProb_68_teamOneWinProb,props_pageProps_match_matchInfo_games_0_winProb_68_teamTwoWinProb,props_pageProps_match_matchInfo_games_0_winProb_69___typename,props_pageProps_match_matchInfo_games_0_winProb_69_gameTimeMin,props_pageProps_match_matchInfo_games_0_winProb_69_teamOneWinProb,props_pageProps_match_matchInfo_games_0_winProb_69_teamTwoWinProb,props_pageProps_match_matchInfo_games_0_winProb_70___typename,props_pageProps_match_matchInfo_games_0_winProb_70_gameTimeMin,props_pageProps_match_matchInfo_games_0_winProb_70_teamOneWinProb,props_pageProps_match_matchInfo_games_0_winProb_70_teamTwoWinProb,props_pageProps_match_matchInfo_games_0_winProb_71___typename,props_pageProps_match_matchInfo_games_0_winProb_71_gameTimeMin,props_pageProps_match_matchInfo_games_0_winProb_71_teamOneWinProb,props_pageProps_match_matchInfo_games_0_winProb_71_teamTwoWinProb,props_pageProps_match_matchInfo_games_0_winProb_72___typename,props_pageProps_match_matchInfo_games_0_winProb_72_gameTimeMin,props_pageProps_match_matchInfo_games_0_winProb_72_teamOneWinProb,props_pageProps_match_matchInfo_games_0_winProb_72_teamTwoWinProb,props_pageProps_match_matchInfo_games_0_winProb_73___typename,props_pageProps_match_matchInfo_games_0_winProb_73_gameTimeMin,props_pageProps_match_matchInfo_games_0_winProb_73_teamOneWinProb,props_pageProps_match_matchInfo_games_0_winProb_73_teamTwoWinProb,props_pageProps_match_matchInfo_games_0_winProb_74___typename,props_pageProps_match_matchInfo_games_0_winProb_74_gameTimeMin,props_pageProps_match_matchInfo_games_0_winProb_74_teamOneWinProb,props_pageProps_match_matchInfo_games_0_winProb_74_teamTwoWinProb,props_pageProps_match_matchInfo_games_0_winProb_75___typename,props_pageProps_match_matchInfo_games_0_winProb_75_gameTimeMin,props_pageProps_match_matchInfo_games_0_winProb_75_teamOneWinProb,props_pageProps_match_matchInfo_games_0_winProb_75_teamTwoWinProb,props_pageProps_match_matchInfo_games_0_winProb_76___typename,props_pageProps_match_matchInfo_games_0_winProb_76_gameTimeMin,props_pageProps_match_matchInfo_games_0_winProb_76_teamOneWinProb,props_pageProps_match_matchInfo_games_0_winProb_76_teamTwoWinProb,props_pageProps_match_matchInfo_games_0_winProb_77___typename,props_pageProps_match_matchInfo_games_0_winProb_77_gameTimeMin,props_pageProps_match_matchInfo_games_0_winProb_77_teamOneWinProb,props_pageProps_match_matchInfo_games_0_winProb_77_teamTwoWinProb,props_pageProps_match_matchInfo_games_0_winProb_78___typename,props_pageProps_match_matchInfo_games_0_winProb_78_gameTimeMin,props_pageProps_match_matchInfo_games_0_winProb_78_teamOneWinProb,props_pageProps_match_matchInfo_games_0_winProb_78_teamTwoWinProb,props_pageProps_match_matchInfo_games_0_winProb_79___typename,props_pageProps_match_matchInfo_games_0_winProb_79_gameTimeMin,props_pageProps_match_matchInfo_games_0_winProb_79_teamOneWinProb,props_pageProps_match_matchInfo_games_0_winProb_79_teamTwoWinProb,props_pageProps_match_matchInfo_games_0_winProb_80___typename,props_pageProps_match_matchInfo_games_0_winProb_80_gameTimeMin,props_pageProps_match_matchInfo_games_0_winProb_80_teamOneWinProb,props_pageProps_match_matchInfo_games_0_winProb_80_teamTwoWinProb,props_pageProps_match_matchInfo_games_0_winProb_81___typename,props_pageProps_match_matchInfo_games_0_winProb_81_gameTimeMin,props_pageProps_match_matchInfo_games_0_winProb_81_teamOneWinProb,props_pageProps_match_matchInfo_games_0_winProb_81_teamTwoWinProb,props_pageProps_match_matchInfo_games_0_winProb_82___typename,props_pageProps_match_matchInfo_games_0_winProb_82_gameTimeMin,props_pageProps_match_matchInfo_games_0_winProb_82_teamOneWinProb,props_pageProps_match_matchInfo_games_0_winProb_82_teamTwoWinProb,props_pageProps_match_matchInfo_games_0_winProb_83___typename,props_pageProps_match_matchInfo_games_0_winProb_83_gameTimeMin,props_pageProps_match_matchInfo_games_0_winProb_83_teamOneWinProb,props_pageProps_match_matchInfo_games_0_winProb_83_teamTwoWinProb,props_pageProps_match_matchInfo_games_0_winProb_84___typename,props_pageProps_match_matchInfo_games_0_winProb_84_gameTimeMin,props_pageProps_match_matchInfo_games_0_winProb_84_teamOneWinProb,props_pageProps_match_matchInfo_games_0_winProb_84_teamTwoWinProb,props_pageProps_match_matchInfo_games_0_winProb_85___typename,props_pageProps_match_matchInfo_games_0_winProb_85_gameTimeMin,props_pageProps_match_matchInfo_games_0_winProb_85_teamOneWinProb,props_pageProps_match_matchInfo_games_0_winProb_85_teamTwoWinProb,props_pageProps_match_matchInfo_games_0_winProb_86___typename,props_pageProps_match_matchInfo_games_0_winProb_86_gameTimeMin,props_pageProps_match_matchInfo_games_0_winProb_86_teamOneWinProb,props_pageProps_match_matchInfo_games_0_winProb_86_teamTwoWinProb,props_pageProps_match_matchInfo_games_0_winProb_87___typename,props_pageProps_match_matchInfo_games_0_winProb_87_gameTimeMin,props_pageProps_match_matchInfo_games_0_winProb_87_teamOneWinProb,props_pageProps_match_matchInfo_games_0_winProb_87_teamTwoWinProb,props_pageProps_match_matchInfo_games_0_winProb_88___typename,props_pageProps_match_matchInfo_games_0_winProb_88_gameTimeMin,props_pageProps_match_matchInfo_games_0_winProb_88_teamOneWinProb,props_pageProps_match_matchInfo_games_0_winProb_88_teamTwoWinProb,props_pageProps_match_matchInfo_games_0_winProb_89___typename,props_pageProps_match_matchInfo_games_0_winProb_89_gameTimeMin,props_pageProps_match_matchInfo_games_0_winProb_89_teamOneWinProb,props_pageProps_match_matchInfo_games_0_winProb_89_teamTwoWinProb,props_pageProps_match_matchInfo_games_0_winProb_90___typename,props_pageProps_match_matchInfo_games_0_winProb_90_gameTimeMin,props_pageProps_match_matchInfo_games_0_winProb_90_teamOneWinProb,props_pageProps_match_matchInfo_games_0_winProb_90_teamTwoWinProb,props_pageProps_match_matchInfo_games_0_winProb_91___typename,props_pageProps_match_matchInfo_games_0_winProb_91_gameTimeMin,props_pageProps_match_matchInfo_games_0_winProb_91_teamOneWinProb,props_pageProps_match_matchInfo_games_0_winProb_91_teamTwoWinProb,props_pageProps_match_matchInfo_games_0_winProb_92___typename,props_pageProps_match_matchInfo_games_0_winProb_92_gameTimeMin,props_pageProps_match_matchInfo_games_0_winProb_92_teamOneWinProb,props_pageProps_match_matchInfo_games_0_winProb_92_teamTwoWinProb,props_pageProps_match_matchInfo_games_0_winProb_93___typename,props_pageProps_match_matchInfo_games_0_winProb_93_gameTimeMin,props_pageProps_match_matchInfo_games_0_winProb_93_teamOneWinProb,props_pageProps_match_matchInfo_games_0_winProb_93_teamTwoWinProb,props_pageProps_match_matchInfo_games_0_winProb_94___typename,props_pageProps_match_matchInfo_games_0_winProb_94_gameTimeMin,props_pageProps_match_matchInfo_games_0_winProb_94_teamOneWinProb,props_pageProps_match_matchInfo_games_0_winProb_94_teamTwoWinProb,props_pageProps_match_matchInfo_games_0_winProb_95___typename,props_pageProps_match_matchInfo_games_0_winProb_95_gameTimeMin,props_pageProps_match_matchInfo_games_0_winProb_95_teamOneWinProb,props_pageProps_match_matchInfo_games_0_winProb_95_teamTwoWinProb,props_pageProps_match_matchInfo_games_0_winProb_96___typename,props_pageProps_match_matchInfo_games_0_winProb_96_gameTimeMin,props_pageProps_match_matchInfo_games_0_winProb_96_teamOneWinProb,props_pageProps_match_matchInfo_games_0_winProb_96_teamTwoWinProb,props_pageProps_match_matchInfo_games_0_winProb_97___typename,props_pageProps_match_matchInfo_games_0_winProb_97_gameTimeMin,props_pageProps_match_matchInfo_games_0_winProb_97_teamOneWinProb,props_pageProps_match_matchInfo_games_0_winProb_97_teamTwoWinProb,props_pageProps_match_matchInfo_games_0_winProb_98___typename,props_pageProps_match_matchInfo_games_0_winProb_98_gameTimeMin,props_pageProps_match_matchInfo_games_0_winProb_98_teamOneWinProb,props_pageProps_match_matchInfo_games_0_winProb_98_teamTwoWinProb,props_pageProps_match_matchInfo_games_0_winProb_99___typename,props_pageProps_match_matchInfo_games_0_winProb_99_gameTimeMin,props_pageProps_match_matchInfo_games_0_winProb_99_teamOneWinProb,props_pageProps_match_matchInfo_games_0_winProb_99_teamTwoWinProb,props_pageProps_match_matchInfo_games_0_winProb_100___typename,props_pageProps_match_matchInfo_games_0_winProb_100_gameTimeMin,props_pageProps_match_matchInfo_games_0_winProb_100_teamOneWinProb,props_pageProps_match_matchInfo_games_0_winProb_100_teamTwoWinProb,props_pageProps_match_matchInfo_games_0_winProb_101___typename,props_pageProps_match_matchInfo_games_0_winProb_101_gameTimeMin,props_pageProps_match_matchInfo_games_0_winProb_101_teamOneWinProb,props_pageProps_match_matchInfo_games_0_winProb_101_teamTwoWinProb,props_pageProps_match_matchInfo_games_0_winProb_102___typename,props_pageProps_match_matchInfo_games_0_winProb_102_gameTimeMin,props_pageProps_match_matchInfo_games_0_winProb_102_teamOneWinProb,props_pageProps_match_matchInfo_games_0_winProb_102_teamTwoWinProb,props_pageProps_match_matchInfo_games_0_winProb_103___typename,props_pageProps_match_matchInfo_games_0_winProb_103_gameTimeMin,props_pageProps_match_matchInfo_games_0_winProb_103_teamOneWinProb,props_pageProps_match_matchInfo_games_0_winProb_103_teamTwoWinProb,props_pageProps_match_matchInfo_games_0_winProb_104___typename,props_pageProps_match_matchInfo_games_0_winProb_104_gameTimeMin,props_pageProps_match_matchInfo_games_0_winProb_104_teamOneWinProb,props_pageProps_match_matchInfo_games_0_winProb_104_teamTwoWinProb,props_pageProps_match_matchInfo_games_0_winProb_105___typename,props_pageProps_match_matchInfo_games_0_winProb_105_gameTimeMin,props_pageProps_match_matchInfo_games_0_winProb_105_teamOneWinProb,props_pageProps_match_matchInfo_games_0_winProb_105_teamTwoWinProb,props_pageProps_match_matchInfo_games_0_winProb_106___typename,props_pageProps_match_matchInfo_games_0_winProb_106_gameTimeMin,props_pageProps_match_matchInfo_games_0_winProb_106_teamOneWinProb,props_pageProps_match_matchInfo_games_0_winProb_106_teamTwoWinProb,props_pageProps_match_matchInfo_games_0_winProb_107___typename,props_pageProps_match_matchInfo_games_0_winProb_107_gameTimeMin,props_pageProps_match_matchInfo_games_0_winProb_107_teamOneWinProb,props_pageProps_match_matchInfo_games_0_winProb_107_teamTwoWinProb,props_pageProps_match_matchInfo_games_0_winProb_108___typename,props_pageProps_match_matchInfo_games_0_winProb_108_gameTimeMin,props_pageProps_match_matchInfo_games_0_winProb_108_teamOneWinProb,props_pageProps_match_matchInfo_games_0_winProb_108_teamTwoWinProb,props_pageProps_match_matchInfo_games_0_winProb_109___typename,props_pageProps_match_matchInfo_games_0_winProb_109_gameTimeMin,props_pageProps_match_matchInfo_games_0_winProb_109_teamOneWinProb,props_pageProps_match_matchInfo_games_0_winProb_109_teamTwoWinProb,props_pageProps_match_matchInfo_games_0_winProb_110___typename,props_pageProps_match_matchInfo_games_0_winProb_110_gameTimeMin,props_pageProps_match_matchInfo_games_0_winProb_110_teamOneWinProb,props_pageProps_match_matchInfo_games_0_winProb_110_teamTwoWinProb,props_pageProps_match_matchInfo_games_0_winProb_111___typename,props_pageProps_match_matchInfo_games_0_winProb_111_gameTimeMin,props_pageProps_match_matchInfo_games_0_winProb_111_teamOneWinProb,props_pageProps_match_matchInfo_games_0_winProb_111_teamTwoWinProb,props_pageProps_match_matchInfo_games_0_winProb_112___typename,props_pageProps_match_matchInfo_games_0_winProb_112_gameTimeMin,props_pageProps_match_matchInfo_games_0_winProb_112_teamOneWinProb,props_pageProps_match_matchInfo_games_0_winProb_112_teamTwoWinProb,props_pageProps_match_matchInfo_games_0_winProb_113___typename,props_pageProps_match_matchInfo_games_0_winProb_113_gameTimeMin,props_pageProps_match_matchInfo_games_0_winProb_113_teamOneWinProb,props_pageProps_match_matchInfo_games_0_winProb_113_teamTwoWinProb,props_pageProps_match_matchInfo_games_0_winProb_114___typename,props_pageProps_match_matchInfo_games_0_winProb_114_gameTimeMin,props_pageProps_match_matchInfo_games_0_winProb_114_teamOneWinProb,props_pageProps_match_matchInfo_games_0_winProb_114_teamTwoWinProb,props_pageProps_match_matchInfo_games_0_winProb_115___typename,props_pageProps_match_matchInfo_games_0_winProb_115_gameTimeMin,props_pageProps_match_matchInfo_games_0_winProb_115_teamOneWinProb,props_pageProps_match_matchInfo_games_0_winProb_115_teamTwoWinProb,props_pageProps_match_matchInfo_games_0_winProb_116___typename,props_pageProps_match_matchInfo_games_0_winProb_116_gameTimeMin,props_pageProps_match_matchInfo_games_0_winProb_116_teamOneWinProb,props_pageProps_match_matchInfo_games_0_winProb_116_teamTwoWinProb,props_pageProps_match_matchInfo_games_0_winProb_117___typename,props_pageProps_match_matchInfo_games_0_winProb_117_gameTimeMin,props_pageProps_match_matchInfo_games_0_winProb_117_teamOneWinProb,props_pageProps_match_matchInfo_games_0_winProb_117_teamTwoWinProb,props_pageProps_match_matchInfo_games_0_winProb_118___typename,props_pageProps_match_matchInfo_games_0_winProb_118_gameTimeMin,props_pageProps_match_matchInfo_games_0_winProb_118_teamOneWinProb,props_pageProps_match_matchInfo_games_0_winProb_118_teamTwoWinProb,props_pageProps_match_matchInfo_games_0_winProb_119___typename,props_pageProps_match_matchInfo_games_0_winProb_119_gameTimeMin,props_pageProps_match_matchInfo_games_0_winProb_119_teamOneWinProb,props_pageProps_match_matchInfo_games_0_winProb_119_teamTwoWinProb,props_pageProps_match_matchInfo_games_0_winProb_120___typename,props_pageProps_match_matchInfo_games_0_winProb_120_gameTimeMin,props_pageProps_match_matchInfo_games_0_winProb_120_teamOneWinProb,props_pageProps_match_matchInfo_games_0_winProb_120_teamTwoWinProb,props_pageProps_match_matchInfo_games_0_winProb_121___typename,props_pageProps_match_matchInfo_games_0_winProb_121_gameTimeMin,props_pageProps_match_matchInfo_games_0_winProb_121_teamOneWinProb,props_pageProps_match_matchInfo_games_0_winProb_121_teamTwoWinProb,props_pageProps_match_matchInfo_games_0_winProb_122___typename,props_pageProps_match_matchInfo_games_0_winProb_122_gameTimeMin,props_pageProps_match_matchInfo_games_0_winProb_122_teamOneWinProb,props_pageProps_match_matchInfo_games_0_winProb_122_teamTwoWinProb,props_pageProps_match_matchInfo_games_0_winProb_123___typename,props_pageProps_match_matchInfo_games_0_winProb_123_gameTimeMin,props_pageProps_match_matchInfo_games_0_winProb_123_teamOneWinProb,props_pageProps_match_matchInfo_games_0_winProb_123_teamTwoWinProb,props_pageProps_match_matchInfo_games_0_winProb_124___typename,props_pageProps_match_matchInfo_games_0_winProb_124_gameTimeMin,props_pageProps_match_matchInfo_games_0_winProb_124_teamOneWinProb,props_pageProps_match_matchInfo_games_0_winProb_124_teamTwoWinProb,props_pageProps_match_matchInfo_games_0_winProb_125___typename,props_pageProps_match_matchInfo_games_0_winProb_125_gameTimeMin,props_pageProps_match_matchInfo_games_0_winProb_125_teamOneWinProb,props_pageProps_match_matchInfo_games_0_winProb_125_teamTwoWinProb,props_pageProps_match_matchInfo_games_0_winProb_126___typename,props_pageProps_match_matchInfo_games_0_winProb_126_gameTimeMin,props_pageProps_match_matchInfo_games_0_winProb_126_teamOneWinProb,props_pageProps_match_matchInfo_games_0_winProb_126_teamTwoWinProb,props_pageProps_match_matchInfo_games_0_winProb_127___typename,props_pageProps_match_matchInfo_games_0_winProb_127_gameTimeMin,props_pageProps_match_matchInfo_games_0_winProb_127_teamOneWinProb,props_pageProps_match_matchInfo_games_0_winProb_127_teamTwoWinProb,props_pageProps_match_matchInfo_games_0_winProb_128___typename,props_pageProps_match_matchInfo_games_0_winProb_128_gameTimeMin,props_pageProps_match_matchInfo_games_0_winProb_128_teamOneWinProb,props_pageProps_match_matchInfo_games_0_winProb_128_teamTwoWinProb,props_pageProps_match_matchInfo_games_0_winProb_129___typename,props_pageProps_match_matchInfo_games_0_winProb_129_gameTimeMin,props_pageProps_match_matchInfo_games_0_winProb_129_teamOneWinProb,props_pageProps_match_matchInfo_games_0_winProb_129_teamTwoWinProb,props_pageProps_match_matchInfo_games_0_winProb_130___typename,props_pageProps_match_matchInfo_games_0_winProb_130_gameTimeMin,props_pageProps_match_matchInfo_games_0_winProb_130_teamOneWinProb,props_pageProps_match_matchInfo_games_0_winProb_130_teamTwoWinProb,props_pageProps_match_matchInfo_games_0_winProb_131___typename,props_pageProps_match_matchInfo_games_0_winProb_131_gameTimeMin,props_pageProps_match_matchInfo_games_0_winProb_131_teamOneWinProb,props_pageProps_match_matchInfo_games_0_winProb_131_teamTwoWinProb,props_pageProps_match_matchInfo_games_0_winProb_132___typename,props_pageProps_match_matchInfo_games_0_winProb_132_gameTimeMin,props_pageProps_match_matchInfo_games_0_winProb_132_teamOneWinProb,props_pageProps_match_matchInfo_games_0_winProb_132_teamTwoWinProb,props_pageProps_match_matchInfo_games_0_winProb_133___typename,props_pageProps_match_matchInfo_games_0_winProb_133_gameTimeMin,props_pageProps_match_matchInfo_games_0_winProb_133_teamOneWinProb,props_pageProps_match_matchInfo_games_0_winProb_133_teamTwoWinProb,props_pageProps_match_matchInfo_games_0_winProb_134___typename,props_pageProps_match_matchInfo_games_0_winProb_134_gameTimeMin,props_pageProps_match_matchInfo_games_0_winProb_134_teamOneWinProb,props_pageProps_match_matchInfo_games_0_winProb_134_teamTwoWinProb,props_pageProps_match_matchInfo_games_0_winProb_135___typename,props_pageProps_match_matchInfo_games_0_winProb_135_gameTimeMin,props_pageProps_match_matchInfo_games_0_winProb_135_teamOneWinProb,props_pageProps_match_matchInfo_games_0_winProb_135_teamTwoWinProb,props_pageProps_match_matchInfo_games_0_winProb_136___typename,props_pageProps_match_matchInfo_games_0_winProb_136_gameTimeMin,props_pageProps_match_matchInfo_games_0_winProb_136_teamOneWinProb,props_pageProps_match_matchInfo_games_0_winProb_136_teamTwoWinProb,props_pageProps_match_matchInfo_games_0_winningSide,props_pageProps_match_matchInfo_games_0_winningTeam,props_pageProps_match_matchInfo_games_0_winningTeamPerid,props_pageProps_match_matchInfo_games_0_winningTeamUrn,props_pageProps_match_matchInfo_lastModified,props_pageProps_match_matchInfo_liveGames_0___typename,props_pageProps_match_matchInfo_liveGames_0_gameComplete,props_pageProps_match_matchInfo_liveGames_0_gamePaused,props_pageProps_match_matchInfo_liveGames_0_gameState,props_pageProps_match_matchInfo_liveGames_0_live,props_pageProps_match_matchInfo_liveGames_0_seriesCurrent,props_pageProps_match_matchInfo_liveGames_0_seriesMax,props_pageProps_match_matchInfo_liveGames_0_seriesType,props_pageProps_match_matchInfo_liveGames_0_teamOne___typename,props_pageProps_match_matchInfo_liveGames_0_teamOne_abbreviation,props_pageProps_match_matchInfo_liveGames_0_teamOnePerid,props_pageProps_match_matchInfo_liveGames_0_teamOneUrn,props_pageProps_match_matchInfo_liveGames_0_teamTwo___typename,props_pageProps_match_matchInfo_liveGames_0_teamTwo_abbreviation,props_pageProps_match_matchInfo_liveGames_0_teamTwoPerid,props_pageProps_match_matchInfo_liveGames_0_teamTwoUrn,props_pageProps_match_matchInfo_liveGames_0_urn,props_pageProps_match_matchInfo_liveGames_0_winningTeamPerid,props_pageProps_match_matchInfo_matchStartDate,props_pageProps_match_matchInfo_matchState,props_pageProps_match_matchInfo_matchUrn,props_pageProps_match_matchInfo_prematchWinProbability___typename,props_pageProps_match_matchInfo_prematchWinProbability_team1Winprob,props_pageProps_match_matchInfo_prematchWinProbability_team2Winprob,props_pageProps_match_matchInfo_score___typename,props_pageProps_match_matchInfo_score_team1Score,props_pageProps_match_matchInfo_score_team2Score,props_pageProps_match_matchInfo_team1___typename,props_pageProps_match_matchInfo_team1_abbreviation,props_pageProps_match_matchInfo_team1_factorId,props_pageProps_match_matchInfo_team1_fullName,props_pageProps_match_matchInfo_team1_gameRecord_totalLost,props_pageProps_match_matchInfo_team1_gameRecord_totalWin,props_pageProps_match_matchInfo_team1_playerHistories_0___typename,props_pageProps_match_matchInfo_team1_playerHistories_0_playerDetails___typename,props_pageProps_match_matchInfo_team1_playerHistories_0_playerDetails_factorId,props_pageProps_match_matchInfo_team1_playerHistories_0_playerDetails_fullName,props_pageProps_match_matchInfo_team1_playerHistories_0_playerDetails_headshotUrl,props_pageProps_match_matchInfo_team1_playerHistories_0_playerDetails_name,props_pageProps_match_matchInfo_team1_playerHistories_0_playerDetails_perid,props_pageProps_match_matchInfo_team1_playerHistories_0_playerPerid,props_pageProps_match_matchInfo_team1_playerHistories_0_role,props_pageProps_match_matchInfo_team1_playerHistories_0_tournamentUrn,props_pageProps_match_matchInfo_team1_playerHistories_1___typename,props_pageProps_match_matchInfo_team1_playerHistories_1_playerDetails___typename,props_pageProps_match_matchInfo_team1_playerHistories_1_playerDetails_factorId,props_pageProps_match_matchInfo_team1_playerHistories_1_playerDetails_fullName,props_pageProps_match_matchInfo_team1_playerHistories_1_playerDetails_headshotUrl,props_pageProps_match_matchInfo_team1_playerHistories_1_playerDetails_name,props_pageProps_match_matchInfo_team1_playerHistories_1_playerDetails_perid,props_pageProps_match_matchInfo_team1_playerHistories_1_playerPerid,props_pageProps_match_matchInfo_team1_playerHistories_1_role,props_pageProps_match_matchInfo_team1_playerHistories_1_tournamentUrn,props_pageProps_match_matchInfo_team1_playerHistories_2___typename,props_pageProps_match_matchInfo_team1_playerHistories_2_playerDetails___typename,props_pageProps_match_matchInfo_team1_playerHistories_2_playerDetails_factorId,props_pageProps_match_matchInfo_team1_playerHistories_2_playerDetails_fullName,props_pageProps_match_matchInfo_team1_playerHistories_2_playerDetails_headshotUrl,props_pageProps_match_matchInfo_team1_playerHistories_2_playerDetails_name,props_pageProps_match_matchInfo_team1_playerHistories_2_playerDetails_perid,props_pageProps_match_matchInfo_team1_playerHistories_2_playerPerid,props_pageProps_match_matchInfo_team1_playerHistories_2_role,props_pageProps_match_matchInfo_team1_playerHistories_2_tournamentUrn,props_pageProps_match_matchInfo_team1_playerHistories_3___typename,props_pageProps_match_matchInfo_team1_playerHistories_3_playerDetails___typename,props_pageProps_match_matchInfo_team1_playerHistories_3_playerDetails_factorId,props_pageProps_match_matchInfo_team1_playerHistories_3_playerDetails_fullName,props_pageProps_match_matchInfo_team1_playerHistories_3_playerDetails_headshotUrl,props_pageProps_match_matchInfo_team1_playerHistories_3_playerDetails_name,props_pageProps_match_matchInfo_team1_playerHistories_3_playerDetails_perid,props_pageProps_match_matchInfo_team1_playerHistories_3_playerPerid,props_pageProps_match_matchInfo_team1_playerHistories_3_role,props_pageProps_match_matchInfo_team1_playerHistories_3_tournamentUrn,props_pageProps_match_matchInfo_team1_playerHistories_4___typename,props_pageProps_match_matchInfo_team1_playerHistories_4_playerDetails___typename,props_pageProps_match_matchInfo_team1_playerHistories_4_playerDetails_factorId,props_pageProps_match_matchInfo_team1_playerHistories_4_playerDetails_fullName,props_pageProps_match_matchInfo_team1_playerHistories_4_playerDetails_headshotUrl,props_pageProps_match_matchInfo_team1_playerHistories_4_playerDetails_name,props_pageProps_match_matchInfo_team1_playerHistories_4_playerDetails_perid,props_pageProps_match_matchInfo_team1_playerHistories_4_playerPerid,props_pageProps_match_matchInfo_team1_playerHistories_4_role,props_pageProps_match_matchInfo_team1_playerHistories_4_tournamentUrn,props_pageProps_match_matchInfo_team1_playerHistories_5___typename,props_pageProps_match_matchInfo_team1_playerHistories_5_playerDetails___typename,props_pageProps_match_matchInfo_team1_playerHistories_5_playerDetails_factorId,props_pageProps_match_matchInfo_team1_playerHistories_5_playerDetails_fullName,props_pageProps_match_matchInfo_team1_playerHistories_5_playerDetails_headshotUrl,props_pageProps_match_matchInfo_team1_playerHistories_5_playerDetails_name,props_pageProps_match_matchInfo_team1_playerHistories_5_playerDetails_perid,props_pageProps_match_matchInfo_team1_playerHistories_5_playerPerid,props_pageProps_match_matchInfo_team1_playerHistories_5_role,props_pageProps_match_matchInfo_team1_playerHistories_5_tournamentUrn,props_pageProps_match_matchInfo_team1_playerHistories_6___typename,props_pageProps_match_matchInfo_team1_playerHistories_6_playerDetails___typename,props_pageProps_match_matchInfo_team1_playerHistories_6_playerDetails_factorId,props_pageProps_match_matchInfo_team1_playerHistories_6_playerDetails_fullName,props_pageProps_match_matchInfo_team1_playerHistories_6_playerDetails_headshotUrl,props_pageProps_match_matchInfo_team1_playerHistories_6_playerDetails_name,props_pageProps_match_matchInfo_team1_playerHistories_6_playerDetails_perid,props_pageProps_match_matchInfo_team1_playerHistories_6_playerPerid,props_pageProps_match_matchInfo_team1_playerHistories_6_role,props_pageProps_match_matchInfo_team1_playerHistories_6_tournamentUrn,props_pageProps_match_matchInfo_team1_playerHistories_7___typename,props_pageProps_match_matchInfo_team1_playerHistories_7_playerDetails___typename,props_pageProps_match_matchInfo_team1_playerHistories_7_playerDetails_factorId,props_pageProps_match_matchInfo_team1_playerHistories_7_playerDetails_fullName,props_pageProps_match_matchInfo_team1_playerHistories_7_playerDetails_headshotUrl,props_pageProps_match_matchInfo_team1_playerHistories_7_playerDetails_name,props_pageProps_match_matchInfo_team1_playerHistories_7_playerDetails_perid,props_pageProps_match_matchInfo_team1_playerHistories_7_playerPerid,props_pageProps_match_matchInfo_team1_playerHistories_7_role,props_pageProps_match_matchInfo_team1_playerHistories_7_tournamentUrn,props_pageProps_match_matchInfo_team1_playerHistories_8___typename,props_pageProps_match_matchInfo_team1_playerHistories_8_playerDetails___typename,props_pageProps_match_matchInfo_team1_playerHistories_8_playerDetails_factorId,props_pageProps_match_matchInfo_team1_playerHistories_8_playerDetails_fullName,props_pageProps_match_matchInfo_team1_playerHistories_8_playerDetails_headshotUrl,props_pageProps_match_matchInfo_team1_playerHistories_8_playerDetails_name,props_pageProps_match_matchInfo_team1_playerHistories_8_playerDetails_perid,props_pageProps_match_matchInfo_team1_playerHistories_8_playerPerid,props_pageProps_match_matchInfo_team1_playerHistories_8_role,props_pageProps_match_matchInfo_team1_playerHistories_8_tournamentUrn,props_pageProps_match_matchInfo_team1_playerHistories_9___typename,props_pageProps_match_matchInfo_team1_playerHistories_9_playerDetails___typename,props_pageProps_match_matchInfo_team1_playerHistories_9_playerDetails_factorId,props_pageProps_match_matchInfo_team1_playerHistories_9_playerDetails_fullName,props_pageProps_match_matchInfo_team1_playerHistories_9_playerDetails_headshotUrl,props_pageProps_match_matchInfo_team1_playerHistories_9_playerDetails_name,props_pageProps_match_matchInfo_team1_playerHistories_9_playerDetails_perid,props_pageProps_match_matchInfo_team1_playerHistories_9_playerPerid,props_pageProps_match_matchInfo_team1_playerHistories_9_role,props_pageProps_match_matchInfo_team1_playerHistories_9_tournamentUrn,props_pageProps_match_matchInfo_team1_playerHistories_10___typename,props_pageProps_match_matchInfo_team1_playerHistories_10_playerDetails___typename,props_pageProps_match_matchInfo_team1_playerHistories_10_playerDetails_factorId,props_pageProps_match_matchInfo_team1_playerHistories_10_playerDetails_fullName,props_pageProps_match_matchInfo_team1_playerHistories_10_playerDetails_headshotUrl,props_pageProps_match_matchInfo_team1_playerHistories_10_playerDetails_name,props_pageProps_match_matchInfo_team1_playerHistories_10_playerDetails_perid,props_pageProps_match_matchInfo_team1_playerHistories_10_playerPerid,props_pageProps_match_matchInfo_team1_playerHistories_10_role,props_pageProps_match_matchInfo_team1_playerHistories_10_tournamentUrn,props_pageProps_match_matchInfo_team1_playerHistories_11___typename,props_pageProps_match_matchInfo_team1_playerHistories_11_playerDetails___typename,props_pageProps_match_matchInfo_team1_playerHistories_11_playerDetails_factorId,props_pageProps_match_matchInfo_team1_playerHistories_11_playerDetails_fullName,props_pageProps_match_matchInfo_team1_playerHistories_11_playerDetails_headshotUrl,props_pageProps_match_matchInfo_team1_playerHistories_11_playerDetails_name,props_pageProps_match_matchInfo_team1_playerHistories_11_playerDetails_perid,props_pageProps_match_matchInfo_team1_playerHistories_11_playerPerid,props_pageProps_match_matchInfo_team1_playerHistories_11_role,props_pageProps_match_matchInfo_team1_playerHistories_11_tournamentUrn,props_pageProps_match_matchInfo_team1_playerHistories_12___typename,props_pageProps_match_matchInfo_team1_playerHistories_12_playerDetails___typename,props_pageProps_match_matchInfo_team1_playerHistories_12_playerDetails_factorId,props_pageProps_match_matchInfo_team1_playerHistories_12_playerDetails_fullName,props_pageProps_match_matchInfo_team1_playerHistories_12_playerDetails_headshotUrl,props_pageProps_match_matchInfo_team1_playerHistories_12_playerDetails_name,props_pageProps_match_matchInfo_team1_playerHistories_12_playerDetails_perid,props_pageProps_match_matchInfo_team1_playerHistories_12_playerPerid,props_pageProps_match_matchInfo_team1_playerHistories_12_role,props_pageProps_match_matchInfo_team1_playerHistories_12_tournamentUrn,props_pageProps_match_matchInfo_team1_playerHistories_13___typename,props_pageProps_match_matchInfo_team1_playerHistories_13_playerDetails___typename,props_pageProps_match_matchInfo_team1_playerHistories_13_playerDetails_factorId,props_pageProps_match_matchInfo_team1_playerHistories_13_playerDetails_fullName,props_pageProps_match_matchInfo_team1_playerHistories_13_playerDetails_headshotUrl,props_pageProps_match_matchInfo_team1_playerHistories_13_playerDetails_name,props_pageProps_match_matchInfo_team1_playerHistories_13_playerDetails_perid,props_pageProps_match_matchInfo_team1_playerHistories_13_playerPerid,props_pageProps_match_matchInfo_team1_playerHistories_13_role,props_pageProps_match_matchInfo_team1_playerHistories_13_tournamentUrn,props_pageProps_match_matchInfo_team1_playerHistories_14___typename,props_pageProps_match_matchInfo_team1_playerHistories_14_playerDetails___typename,props_pageProps_match_matchInfo_team1_playerHistories_14_playerDetails_factorId,props_pageProps_match_matchInfo_team1_playerHistories_14_playerDetails_fullName,props_pageProps_match_matchInfo_team1_playerHistories_14_playerDetails_headshotUrl,props_pageProps_match_matchInfo_team1_playerHistories_14_playerDetails_name,props_pageProps_match_matchInfo_team1_playerHistories_14_playerDetails_perid,props_pageProps_match_matchInfo_team1_playerHistories_14_playerPerid,props_pageProps_match_matchInfo_team1_playerHistories_14_role,props_pageProps_match_matchInfo_team1_playerHistories_14_tournamentUrn,props_pageProps_match_matchInfo_team1_playerHistories_15___typename,props_pageProps_match_matchInfo_team1_playerHistories_15_playerDetails___typename,props_pageProps_match_matchInfo_team1_playerHistories_15_playerDetails_factorId,props_pageProps_match_matchInfo_team1_playerHistories_15_playerDetails_fullName,props_pageProps_match_matchInfo_team1_playerHistories_15_playerDetails_headshotUrl,props_pageProps_match_matchInfo_team1_playerHistories_15_playerDetails_name,props_pageProps_match_matchInfo_team1_playerHistories_15_playerDetails_perid,props_pageProps_match_matchInfo_team1_playerHistories_15_playerPerid,props_pageProps_match_matchInfo_team1_playerHistories_15_role,props_pageProps_match_matchInfo_team1_playerHistories_15_tournamentUrn,props_pageProps_match_matchInfo_team1_playerHistories_16___typename,props_pageProps_match_matchInfo_team1_playerHistories_16_playerDetails___typename,props_pageProps_match_matchInfo_team1_playerHistories_16_playerDetails_factorId,props_pageProps_match_matchInfo_team1_playerHistories_16_playerDetails_fullName,props_pageProps_match_matchInfo_team1_playerHistories_16_playerDetails_headshotUrl,props_pageProps_match_matchInfo_team1_playerHistories_16_playerDetails_name,props_pageProps_match_matchInfo_team1_playerHistories_16_playerDetails_perid,props_pageProps_match_matchInfo_team1_playerHistories_16_playerPerid,props_pageProps_match_matchInfo_team1_playerHistories_16_role,props_pageProps_match_matchInfo_team1_playerHistories_16_tournamentUrn,props_pageProps_match_matchInfo_team1_playerHistories_17___typename,props_pageProps_match_matchInfo_team1_playerHistories_17_playerDetails___typename,props_pageProps_match_matchInfo_team1_playerHistories_17_playerDetails_factorId,props_pageProps_match_matchInfo_team1_playerHistories_17_playerDetails_fullName,props_pageProps_match_matchInfo_team1_playerHistories_17_playerDetails_headshotUrl,props_pageProps_match_matchInfo_team1_playerHistories_17_playerDetails_name,props_pageProps_match_matchInfo_team1_playerHistories_17_playerDetails_perid,props_pageProps_match_matchInfo_team1_playerHistories_17_playerPerid,props_pageProps_match_matchInfo_team1_playerHistories_17_role,props_pageProps_match_matchInfo_team1_playerHistories_17_tournamentUrn,props_pageProps_match_matchInfo_team1_playerHistories_18___typename,props_pageProps_match_matchInfo_team1_playerHistories_18_playerDetails___typename,props_pageProps_match_matchInfo_team1_playerHistories_18_playerDetails_factorId,props_pageProps_match_matchInfo_team1_playerHistories_18_playerDetails_fullName,props_pageProps_match_matchInfo_team1_playerHistories_18_playerDetails_headshotUrl,props_pageProps_match_matchInfo_team1_playerHistories_18_playerDetails_name,props_pageProps_match_matchInfo_team1_playerHistories_18_playerDetails_perid,props_pageProps_match_matchInfo_team1_playerHistories_18_playerPerid,props_pageProps_match_matchInfo_team1_playerHistories_18_role,props_pageProps_match_matchInfo_team1_playerHistories_18_tournamentUrn,props_pageProps_match_matchInfo_team1_playerHistories_19___typename,props_pageProps_match_matchInfo_team1_playerHistories_19_playerDetails___typename,props_pageProps_match_matchInfo_team1_playerHistories_19_playerDetails_factorId,props_pageProps_match_matchInfo_team1_playerHistories_19_playerDetails_fullName,props_pageProps_match_matchInfo_team1_playerHistories_19_playerDetails_headshotUrl,props_pageProps_match_matchInfo_team1_playerHistories_19_playerDetails_name,props_pageProps_match_matchInfo_team1_playerHistories_19_playerDetails_perid,props_pageProps_match_matchInfo_team1_playerHistories_19_playerPerid,props_pageProps_match_matchInfo_team1_playerHistories_19_role,props_pageProps_match_matchInfo_team1_playerHistories_19_tournamentUrn,props_pageProps_match_matchInfo_team1_playerHistories_20___typename,props_pageProps_match_matchInfo_team1_playerHistories_20_playerDetails___typename,props_pageProps_match_matchInfo_team1_playerHistories_20_playerDetails_factorId,props_pageProps_match_matchInfo_team1_playerHistories_20_playerDetails_fullName,props_pageProps_match_matchInfo_team1_playerHistories_20_playerDetails_headshotUrl,props_pageProps_match_matchInfo_team1_playerHistories_20_playerDetails_name,props_pageProps_match_matchInfo_team1_playerHistories_20_playerDetails_perid,props_pageProps_match_matchInfo_team1_playerHistories_20_playerPerid,props_pageProps_match_matchInfo_team1_playerHistories_20_role,props_pageProps_match_matchInfo_team1_playerHistories_20_tournamentUrn,props_pageProps_match_matchInfo_team1_playerHistories_21___typename,props_pageProps_match_matchInfo_team1_playerHistories_21_playerDetails___typename,props_pageProps_match_matchInfo_team1_playerHistories_21_playerDetails_factorId,props_pageProps_match_matchInfo_team1_playerHistories_21_playerDetails_fullName,props_pageProps_match_matchInfo_team1_playerHistories_21_playerDetails_headshotUrl,props_pageProps_match_matchInfo_team1_playerHistories_21_playerDetails_name,props_pageProps_match_matchInfo_team1_playerHistories_21_playerDetails_perid,props_pageProps_match_matchInfo_team1_playerHistories_21_playerPerid,props_pageProps_match_matchInfo_team1_playerHistories_21_role,props_pageProps_match_matchInfo_team1_playerHistories_21_tournamentUrn,props_pageProps_match_matchInfo_team1_playerHistories_22___typename,props_pageProps_match_matchInfo_team1_playerHistories_22_playerDetails___typename,props_pageProps_match_matchInfo_team1_playerHistories_22_playerDetails_factorId,props_pageProps_match_matchInfo_team1_playerHistories_22_playerDetails_fullName,props_pageProps_match_matchInfo_team1_playerHistories_22_playerDetails_headshotUrl,props_pageProps_match_matchInfo_team1_playerHistories_22_playerDetails_name,props_pageProps_match_matchInfo_team1_playerHistories_22_playerDetails_perid,props_pageProps_match_matchInfo_team1_playerHistories_22_playerPerid,props_pageProps_match_matchInfo_team1_playerHistories_22_role,props_pageProps_match_matchInfo_team1_playerHistories_22_tournamentUrn,props_pageProps_match_matchInfo_team1_playerHistories_23___typename,props_pageProps_match_matchInfo_team1_playerHistories_23_playerDetails___typename,props_pageProps_match_matchInfo_team1_playerHistories_23_playerDetails_factorId,props_pageProps_match_matchInfo_team1_playerHistories_23_playerDetails_fullName,props_pageProps_match_matchInfo_team1_playerHistories_23_playerDetails_headshotUrl,props_pageProps_match_matchInfo_team1_playerHistories_23_playerDetails_name,props_pageProps_match_matchInfo_team1_playerHistories_23_playerDetails_perid,props_pageProps_match_matchInfo_team1_playerHistories_23_playerPerid,props_pageProps_match_matchInfo_team1_playerHistories_23_role,props_pageProps_match_matchInfo_team1_playerHistories_23_tournamentUrn,props_pageProps_match_matchInfo_team1_playerHistories_24___typename,props_pageProps_match_matchInfo_team1_playerHistories_24_playerDetails___typename,props_pageProps_match_matchInfo_team1_playerHistories_24_playerDetails_factorId,props_pageProps_match_matchInfo_team1_playerHistories_24_playerDetails_fullName,props_pageProps_match_matchInfo_team1_playerHistories_24_playerDetails_headshotUrl,props_pageProps_match_matchInfo_team1_playerHistories_24_playerDetails_name,props_pageProps_match_matchInfo_team1_playerHistories_24_playerDetails_perid,props_pageProps_match_matchInfo_team1_playerHistories_24_playerPerid,props_pageProps_match_matchInfo_team1_playerHistories_24_role,props_pageProps_match_matchInfo_team1_playerHistories_24_tournamentUrn,props_pageProps_match_matchInfo_team1_playerHistories_25___typename,props_pageProps_match_matchInfo_team1_playerHistories_25_playerDetails___typename,props_pageProps_match_matchInfo_team1_playerHistories_25_playerDetails_factorId,props_pageProps_match_matchInfo_team1_playerHistories_25_playerDetails_fullName,props_pageProps_match_matchInfo_team1_playerHistories_25_playerDetails_headshotUrl,props_pageProps_match_matchInfo_team1_playerHistories_25_playerDetails_name,props_pageProps_match_matchInfo_team1_playerHistories_25_playerDetails_perid,props_pageProps_match_matchInfo_team1_playerHistories_25_playerPerid,props_pageProps_match_matchInfo_team1_playerHistories_25_role,props_pageProps_match_matchInfo_team1_playerHistories_25_tournamentUrn,props_pageProps_match_matchInfo_team1_playerHistories_26___typename,props_pageProps_match_matchInfo_team1_playerHistories_26_playerDetails___typename,props_pageProps_match_matchInfo_team1_playerHistories_26_playerDetails_factorId,props_pageProps_match_matchInfo_team1_playerHistories_26_playerDetails_fullName,props_pageProps_match_matchInfo_team1_playerHistories_26_playerDetails_headshotUrl,props_pageProps_match_matchInfo_team1_playerHistories_26_playerDetails_name,props_pageProps_match_matchInfo_team1_playerHistories_26_playerDetails_perid,props_pageProps_match_matchInfo_team1_playerHistories_26_playerPerid,props_pageProps_match_matchInfo_team1_playerHistories_26_role,props_pageProps_match_matchInfo_team1_playerHistories_26_tournamentUrn,props_pageProps_match_matchInfo_team1_playerHistories_27___typename,props_pageProps_match_matchInfo_team1_playerHistories_27_playerDetails___typename,props_pageProps_match_matchInfo_team1_playerHistories_27_playerDetails_factorId,props_pageProps_match_matchInfo_team1_playerHistories_27_playerDetails_fullName,props_pageProps_match_matchInfo_team1_playerHistories_27_playerDetails_headshotUrl,props_pageProps_match_matchInfo_team1_playerHistories_27_playerDetails_name,props_pageProps_match_matchInfo_team1_playerHistories_27_playerDetails_perid,props_pageProps_match_matchInfo_team1_playerHistories_27_playerPerid,props_pageProps_match_matchInfo_team1_playerHistories_27_role,props_pageProps_match_matchInfo_team1_playerHistories_27_tournamentUrn,props_pageProps_match_matchInfo_team1_playerHistories_28___typename,props_pageProps_match_matchInfo_team1_playerHistories_28_playerDetails___typename,props_pageProps_match_matchInfo_team1_playerHistories_28_playerDetails_factorId,props_pageProps_match_matchInfo_team1_playerHistories_28_playerDetails_fullName,props_pageProps_match_matchInfo_team1_playerHistories_28_playerDetails_headshotUrl,props_pageProps_match_matchInfo_team1_playerHistories_28_playerDetails_name,props_pageProps_match_matchInfo_team1_playerHistories_28_playerDetails_perid,props_pageProps_match_matchInfo_team1_playerHistories_28_playerPerid,props_pageProps_match_matchInfo_team1_playerHistories_28_role,props_pageProps_match_matchInfo_team1_playerHistories_28_tournamentUrn,props_pageProps_match_matchInfo_team1_playerHistories_29___typename,props_pageProps_match_matchInfo_team1_playerHistories_29_playerDetails___typename,props_pageProps_match_matchInfo_team1_playerHistories_29_playerDetails_factorId,props_pageProps_match_matchInfo_team1_playerHistories_29_playerDetails_fullName,props_pageProps_match_matchInfo_team1_playerHistories_29_playerDetails_headshotUrl,props_pageProps_match_matchInfo_team1_playerHistories_29_playerDetails_name,props_pageProps_match_matchInfo_team1_playerHistories_29_playerDetails_perid,props_pageProps_match_matchInfo_team1_playerHistories_29_playerPerid,props_pageProps_match_matchInfo_team1_playerHistories_29_role,props_pageProps_match_matchInfo_team1_playerHistories_29_tournamentUrn,props_pageProps_match_matchInfo_team1_playerHistories_30___typename,props_pageProps_match_matchInfo_team1_playerHistories_30_playerDetails___typename,props_pageProps_match_matchInfo_team1_playerHistories_30_playerDetails_factorId,props_pageProps_match_matchInfo_team1_playerHistories_30_playerDetails_fullName,props_pageProps_match_matchInfo_team1_playerHistories_30_playerDetails_headshotUrl,props_pageProps_match_matchInfo_team1_playerHistories_30_playerDetails_name,props_pageProps_match_matchInfo_team1_playerHistories_30_playerDetails_perid,props_pageProps_match_matchInfo_team1_playerHistories_30_playerPerid,props_pageProps_match_matchInfo_team1_playerHistories_30_role,props_pageProps_match_matchInfo_team1_playerHistories_30_tournamentUrn,props_pageProps_match_matchInfo_team1_playerHistories_31___typename,props_pageProps_match_matchInfo_team1_playerHistories_31_playerDetails___typename,props_pageProps_match_matchInfo_team1_playerHistories_31_playerDetails_factorId,props_pageProps_match_matchInfo_team1_playerHistories_31_playerDetails_fullName,props_pageProps_match_matchInfo_team1_playerHistories_31_playerDetails_headshotUrl,props_pageProps_match_matchInfo_team1_playerHistories_31_playerDetails_name,props_pageProps_match_matchInfo_team1_playerHistories_31_playerDetails_perid,props_pageProps_match_matchInfo_team1_playerHistories_31_playerPerid,props_pageProps_match_matchInfo_team1_playerHistories_31_role,props_pageProps_match_matchInfo_team1_playerHistories_31_tournamentUrn,props_pageProps_match_matchInfo_team1_playerHistories_32___typename,props_pageProps_match_matchInfo_team1_playerHistories_32_playerDetails___typename,props_pageProps_match_matchInfo_team1_playerHistories_32_playerDetails_factorId,props_pageProps_match_matchInfo_team1_playerHistories_32_playerDetails_fullName,props_pageProps_match_matchInfo_team1_playerHistories_32_playerDetails_headshotUrl,props_pageProps_match_matchInfo_team1_playerHistories_32_playerDetails_name,props_pageProps_match_matchInfo_team1_playerHistories_32_playerDetails_perid,props_pageProps_match_matchInfo_team1_playerHistories_32_playerPerid,props_pageProps_match_matchInfo_team1_playerHistories_32_role,props_pageProps_match_matchInfo_team1_playerHistories_32_tournamentUrn,props_pageProps_match_matchInfo_team1_playerHistories_33___typename,props_pageProps_match_matchInfo_team1_playerHistories_33_playerDetails___typename,props_pageProps_match_matchInfo_team1_playerHistories_33_playerDetails_factorId,props_pageProps_match_matchInfo_team1_playerHistories_33_playerDetails_fullName,props_pageProps_match_matchInfo_team1_playerHistories_33_playerDetails_headshotUrl,props_pageProps_match_matchInfo_team1_playerHistories_33_playerDetails_name,props_pageProps_match_matchInfo_team1_playerHistories_33_playerDetails_perid,props_pageProps_match_matchInfo_team1_playerHistories_33_playerPerid,props_pageProps_match_matchInfo_team1_playerHistories_33_role,props_pageProps_match_matchInfo_team1_playerHistories_33_tournamentUrn,props_pageProps_match_matchInfo_team1_playerHistories_34___typename,props_pageProps_match_matchInfo_team1_playerHistories_34_playerDetails___typename,props_pageProps_match_matchInfo_team1_playerHistories_34_playerDetails_factorId,props_pageProps_match_matchInfo_team1_playerHistories_34_playerDetails_fullName,props_pageProps_match_matchInfo_team1_playerHistories_34_playerDetails_headshotUrl,props_pageProps_match_matchInfo_team1_playerHistories_34_playerDetails_name,props_pageProps_match_matchInfo_team1_playerHistories_34_playerDetails_perid,props_pageProps_match_matchInfo_team1_playerHistories_34_playerPerid,props_pageProps_match_matchInfo_team1_playerHistories_34_role,props_pageProps_match_matchInfo_team1_playerHistories_34_tournamentUrn,props_pageProps_match_matchInfo_team1_playerHistories_35___typename,props_pageProps_match_matchInfo_team1_playerHistories_35_playerDetails___typename,props_pageProps_match_matchInfo_team1_playerHistories_35_playerDetails_factorId,props_pageProps_match_matchInfo_team1_playerHistories_35_playerDetails_fullName,props_pageProps_match_matchInfo_team1_playerHistories_35_playerDetails_headshotUrl,props_pageProps_match_matchInfo_team1_playerHistories_35_playerDetails_name,props_pageProps_match_matchInfo_team1_playerHistories_35_playerDetails_perid,props_pageProps_match_matchInfo_team1_playerHistories_35_playerPerid,props_pageProps_match_matchInfo_team1_playerHistories_35_role,props_pageProps_match_matchInfo_team1_playerHistories_35_tournamentUrn,props_pageProps_match_matchInfo_team1_playerHistories_36___typename,props_pageProps_match_matchInfo_team1_playerHistories_36_playerDetails___typename,props_pageProps_match_matchInfo_team1_playerHistories_36_playerDetails_factorId,props_pageProps_match_matchInfo_team1_playerHistories_36_playerDetails_fullName,props_pageProps_match_matchInfo_team1_playerHistories_36_playerDetails_headshotUrl,props_pageProps_match_matchInfo_team1_playerHistories_36_playerDetails_name,props_pageProps_match_matchInfo_team1_playerHistories_36_playerDetails_perid,props_pageProps_match_matchInfo_team1_playerHistories_36_playerPerid,props_pageProps_match_matchInfo_team1_playerHistories_36_role,props_pageProps_match_matchInfo_team1_playerHistories_36_tournamentUrn,props_pageProps_match_matchInfo_team1_playerHistories_37___typename,props_pageProps_match_matchInfo_team1_playerHistories_37_playerDetails___typename,props_pageProps_match_matchInfo_team1_playerHistories_37_playerDetails_factorId,props_pageProps_match_matchInfo_team1_playerHistories_37_playerDetails_fullName,props_pageProps_match_matchInfo_team1_playerHistories_37_playerDetails_headshotUrl,props_pageProps_match_matchInfo_team1_playerHistories_37_playerDetails_name,props_pageProps_match_matchInfo_team1_playerHistories_37_playerDetails_perid,props_pageProps_match_matchInfo_team1_playerHistories_37_playerPerid,props_pageProps_match_matchInfo_team1_playerHistories_37_role,props_pageProps_match_matchInfo_team1_playerHistories_37_tournamentUrn,props_pageProps_match_matchInfo_team1_playerHistories_38___typename,props_pageProps_match_matchInfo_team1_playerHistories_38_playerDetails___typename,props_pageProps_match_matchInfo_team1_playerHistories_38_playerDetails_factorId,props_pageProps_match_matchInfo_team1_playerHistories_38_playerDetails_fullName,props_pageProps_match_matchInfo_team1_playerHistories_38_playerDetails_headshotUrl,props_pageProps_match_matchInfo_team1_playerHistories_38_playerDetails_name,props_pageProps_match_matchInfo_team1_playerHistories_38_playerDetails_perid,props_pageProps_match_matchInfo_team1_playerHistories_38_playerPerid,props_pageProps_match_matchInfo_team1_playerHistories_38_role,props_pageProps_match_matchInfo_team1_playerHistories_38_tournamentUrn,props_pageProps_match_matchInfo_team1_playerHistories_39___typename,props_pageProps_match_matchInfo_team1_playerHistories_39_playerDetails,props_pageProps_match_matchInfo_team1_playerHistories_39_playerPerid,props_pageProps_match_matchInfo_team1_playerHistories_39_role,props_pageProps_match_matchInfo_team1_playerHistories_39_tournamentUrn,props_pageProps_match_matchInfo_team1_playerHistories_40___typename,props_pageProps_match_matchInfo_team1_playerHistories_40_playerDetails,props_pageProps_match_matchInfo_team1_playerHistories_40_playerPerid,props_pageProps_match_matchInfo_team1_playerHistories_40_role,props_pageProps_match_matchInfo_team1_playerHistories_40_tournamentUrn,props_pageProps_match_matchInfo_team1_playerHistories_41___typename,props_pageProps_match_matchInfo_team1_playerHistories_41_playerDetails___typename,props_pageProps_match_matchInfo_team1_playerHistories_41_playerDetails_factorId,props_pageProps_match_matchInfo_team1_playerHistories_41_playerDetails_fullName,props_pageProps_match_matchInfo_team1_playerHistories_41_playerDetails_headshotUrl,props_pageProps_match_matchInfo_team1_playerHistories_41_playerDetails_name,props_pageProps_match_matchInfo_team1_playerHistories_41_playerDetails_perid,props_pageProps_match_matchInfo_team1_playerHistories_41_playerPerid,props_pageProps_match_matchInfo_team1_playerHistories_41_role,props_pageProps_match_matchInfo_team1_playerHistories_41_tournamentUrn,props_pageProps_match_matchInfo_team1_playerHistories_42___typename,props_pageProps_match_matchInfo_team1_playerHistories_42_playerDetails,props_pageProps_match_matchInfo_team1_playerHistories_42_playerPerid,props_pageProps_match_matchInfo_team1_playerHistories_42_role,props_pageProps_match_matchInfo_team1_playerHistories_42_tournamentUrn,props_pageProps_match_matchInfo_team1_playerHistories_43___typename,props_pageProps_match_matchInfo_team1_playerHistories_43_playerDetails,props_pageProps_match_matchInfo_team1_playerHistories_43_playerPerid,props_pageProps_match_matchInfo_team1_playerHistories_43_role,props_pageProps_match_matchInfo_team1_playerHistories_43_tournamentUrn,props_pageProps_match_matchInfo_team1_playerHistories_44___typename,props_pageProps_match_matchInfo_team1_playerHistories_44_playerDetails___typename,props_pageProps_match_matchInfo_team1_playerHistories_44_playerDetails_factorId,props_pageProps_match_matchInfo_team1_playerHistories_44_playerDetails_fullName,props_pageProps_match_matchInfo_team1_playerHistories_44_playerDetails_headshotUrl,props_pageProps_match_matchInfo_team1_playerHistories_44_playerDetails_name,props_pageProps_match_matchInfo_team1_playerHistories_44_playerDetails_perid,props_pageProps_match_matchInfo_team1_playerHistories_44_playerPerid,props_pageProps_match_matchInfo_team1_playerHistories_44_role,props_pageProps_match_matchInfo_team1_playerHistories_44_tournamentUrn,props_pageProps_match_matchInfo_team1_playerHistories_45___typename,props_pageProps_match_matchInfo_team1_playerHistories_45_playerDetails___typename,props_pageProps_match_matchInfo_team1_playerHistories_45_playerDetails_factorId,props_pageProps_match_matchInfo_team1_playerHistories_45_playerDetails_fullName,props_pageProps_match_matchInfo_team1_playerHistories_45_playerDetails_headshotUrl,props_pageProps_match_matchInfo_team1_playerHistories_45_playerDetails_name,props_pageProps_match_matchInfo_team1_playerHistories_45_playerDetails_perid,props_pageProps_match_matchInfo_team1_playerHistories_45_playerPerid,props_pageProps_match_matchInfo_team1_playerHistories_45_role,props_pageProps_match_matchInfo_team1_playerHistories_45_tournamentUrn,props_pageProps_match_matchInfo_team1_powrRanking___typename,props_pageProps_match_matchInfo_team1_powrRanking_gameRecord,props_pageProps_match_matchInfo_team1_powrRanking_gamesPlayed,props_pageProps_match_matchInfo_team1_powrRanking_prevRanking,props_pageProps_match_matchInfo_team1_powrRanking_rank,props_pageProps_match_matchInfo_team1_powrRanking_ranking,props_pageProps_match_matchInfo_team1_powrRanking_team,props_pageProps_match_matchInfo_team1_powrRanking_teamPerid,props_pageProps_match_matchInfo_team1_roster_0___typename,props_pageProps_match_matchInfo_team1_roster_0_playerDetails___typename,props_pageProps_match_matchInfo_team1_roster_0_playerDetails_factorId,props_pageProps_match_matchInfo_team1_roster_0_playerDetails_fullName,props_pageProps_match_matchInfo_team1_roster_0_playerDetails_headshotUrl,props_pageProps_match_matchInfo_team1_roster_0_playerDetails_name,props_pageProps_match_matchInfo_team1_roster_0_playerDetails_perid,props_pageProps_match_matchInfo_team1_roster_0_playerName,props_pageProps_match_matchInfo_team1_roster_0_playerPerid,props_pageProps_match_matchInfo_team1_roster_0_role,props_pageProps_match_matchInfo_team1_roster_1_playerDetails___typename,props_pageProps_match_matchInfo_team1_roster_1_playerDetails_factorId,props_pageProps_match_matchInfo_team1_roster_1_playerDetails_fullName,props_pageProps_match_matchInfo_team1_roster_1_playerDetails_headshotUrl,props_pageProps_match_matchInfo_team1_roster_1_playerDetails_name,props_pageProps_match_matchInfo_team1_roster_1_playerDetails_perid,props_pageProps_match_matchInfo_team1_roster_1_playerName,props_pageProps_match_matchInfo_team1_roster_1_playerPerid,props_pageProps_match_matchInfo_team1_roster_1_role,props_pageProps_match_matchInfo_team1_roster_2_playerDetails___typename,props_pageProps_match_matchInfo_team1_roster_2_playerDetails_factorId,props_pageProps_match_matchInfo_team1_roster_2_playerDetails_fullName,props_pageProps_match_matchInfo_team1_roster_2_playerDetails_headshotUrl,props_pageProps_match_matchInfo_team1_roster_2_playerDetails_name,props_pageProps_match_matchInfo_team1_roster_2_playerDetails_perid,props_pageProps_match_matchInfo_team1_roster_2_playerName,props_pageProps_match_matchInfo_team1_roster_2_playerPerid,props_pageProps_match_matchInfo_team1_roster_2_role,props_pageProps_match_matchInfo_team1_roster_3_playerDetails___typename,props_pageProps_match_matchInfo_team1_roster_3_playerDetails_factorId,props_pageProps_match_matchInfo_team1_roster_3_playerDetails_fullName,props_pageProps_match_matchInfo_team1_roster_3_playerDetails_headshotUrl,props_pageProps_match_matchInfo_team1_roster_3_playerDetails_name,props_pageProps_match_matchInfo_team1_roster_3_playerDetails_perid,props_pageProps_match_matchInfo_team1_roster_3_playerName,props_pageProps_match_matchInfo_team1_roster_3_playerPerid,props_pageProps_match_matchInfo_team1_roster_3_role,props_pageProps_match_matchInfo_team1_roster_4_playerDetails___typename,props_pageProps_match_matchInfo_team1_roster_4_playerDetails_factorId,props_pageProps_match_matchInfo_team1_roster_4_playerDetails_fullName,props_pageProps_match_matchInfo_team1_roster_4_playerDetails_headshotUrl,props_pageProps_match_matchInfo_team1_roster_4_playerDetails_name,props_pageProps_match_matchInfo_team1_roster_4_playerDetails_perid,props_pageProps_match_matchInfo_team1_roster_4_playerName,props_pageProps_match_matchInfo_team1_roster_4_playerPerid,props_pageProps_match_matchInfo_team1_roster_4_role,props_pageProps_match_matchInfo_team1_roster_5_playerDetails___typename,props_pageProps_match_matchInfo_team1_roster_5_playerDetails_factorId,props_pageProps_match_matchInfo_team1_roster_5_playerDetails_fullName,props_pageProps_match_matchInfo_team1_roster_5_playerDetails_headshotUrl,props_pageProps_match_matchInfo_team1_roster_5_playerDetails_name,props_pageProps_match_matchInfo_team1_roster_5_playerDetails_perid,props_pageProps_match_matchInfo_team1_roster_5_playerName,props_pageProps_match_matchInfo_team1_roster_5_playerPerid,props_pageProps_match_matchInfo_team1_roster_5_role,props_pageProps_match_matchInfo_team1_roster_6_playerDetails___typename,props_pageProps_match_matchInfo_team1_roster_6_playerDetails_factorId,props_pageProps_match_matchInfo_team1_roster_6_playerDetails_fullName,props_pageProps_match_matchInfo_team1_roster_6_playerDetails_headshotUrl,props_pageProps_match_matchInfo_team1_roster_6_playerDetails_name,props_pageProps_match_matchInfo_team1_roster_6_playerDetails_perid,props_pageProps_match_matchInfo_team1_roster_6_playerName,props_pageProps_match_matchInfo_team1_roster_6_playerPerid,props_pageProps_match_matchInfo_team1_roster_6_role,props_pageProps_match_matchInfo_team1_teamLogo___typename,props_pageProps_match_matchInfo_team1_teamLogo_darkFlip,props_pageProps_match_matchInfo_team1_teamLogo_darkShadow,props_pageProps_match_matchInfo_team1_teamLogo_logoUrl,props_pageProps_match_matchInfo_team1_teamUrn,props_pageProps_match_matchInfo_team1_tournaments_0___typename,props_pageProps_match_matchInfo_team1_tournaments_0_series___typename,props_pageProps_match_matchInfo_team1_tournaments_0_series_seriesName,props_pageProps_match_matchInfo_team1_tournaments_0_series_seriesUrn,props_pageProps_match_matchInfo_team1_tournaments_0_tournamentUrn,props_pageProps_match_matchInfo_team1_tournaments_1___typename,props_pageProps_match_matchInfo_team1_tournaments_1_series___typename,props_pageProps_match_matchInfo_team1_tournaments_1_series_seriesName,props_pageProps_match_matchInfo_team1_tournaments_1_series_seriesUrn,props_pageProps_match_matchInfo_team1_tournaments_1_tournamentUrn,props_pageProps_match_matchInfo_team1_tournaments_2___typename,props_pageProps_match_matchInfo_team1_tournaments_2_series___typename,props_pageProps_match_matchInfo_team1_tournaments_2_series_seriesName,props_pageProps_match_matchInfo_team1_tournaments_2_series_seriesUrn,props_pageProps_match_matchInfo_team1_tournaments_2_tournamentUrn,props_pageProps_match_matchInfo_team2___typename,props_pageProps_match_matchInfo_team2_abbreviation,props_pageProps_match_matchInfo_team2_factorId,props_pageProps_match_matchInfo_team2_fullName,props_pageProps_match_matchInfo_team2_gameRecord_totalLost,props_pageProps_match_matchInfo_team2_gameRecord_totalWin,props_pageProps_match_matchInfo_team2_playerHistories_0___typename,props_pageProps_match_matchInfo_team2_playerHistories_0_playerDetails___typename,props_pageProps_match_matchInfo_team2_playerHistories_0_playerDetails_factorId,props_pageProps_match_matchInfo_team2_playerHistories_0_playerDetails_fullName,props_pageProps_match_matchInfo_team2_playerHistories_0_playerDetails_headshotUrl,props_pageProps_match_matchInfo_team2_playerHistories_0_playerDetails_name,props_pageProps_match_matchInfo_team2_playerHistories_0_playerDetails_perid,props_pageProps_match_matchInfo_team2_playerHistories_0_playerPerid,props_pageProps_match_matchInfo_team2_playerHistories_0_role,props_pageProps_match_matchInfo_team2_playerHistories_0_tournamentUrn,props_pageProps_match_matchInfo_team2_playerHistories_1___typename,props_pageProps_match_matchInfo_team2_playerHistories_1_playerDetails___typename,props_pageProps_match_matchInfo_team2_playerHistories_1_playerDetails_factorId,props_pageProps_match_matchInfo_team2_playerHistories_1_playerDetails_fullName,props_pageProps_match_matchInfo_team2_playerHistories_1_playerDetails_headshotUrl,props_pageProps_match_matchInfo_team2_playerHistories_1_playerDetails_name,props_pageProps_match_matchInfo_team2_playerHistories_1_playerDetails_perid,props_pageProps_match_matchInfo_team2_playerHistories_1_playerPerid,props_pageProps_match_matchInfo_team2_playerHistories_1_role,props_pageProps_match_matchInfo_team2_playerHistories_1_tournamentUrn,props_pageProps_match_matchInfo_team2_playerHistories_2___typename,props_pageProps_match_matchInfo_team2_playerHistories_2_playerDetails___typename,props_pageProps_match_matchInfo_team2_playerHistories_2_playerDetails_factorId,props_pageProps_match_matchInfo_team2_playerHistories_2_playerDetails_fullName,props_pageProps_match_matchInfo_team2_playerHistories_2_playerDetails_headshotUrl,props_pageProps_match_matchInfo_team2_playerHistories_2_playerDetails_name,props_pageProps_match_matchInfo_team2_playerHistories_2_playerDetails_perid,props_pageProps_match_matchInfo_team2_playerHistories_2_playerPerid,props_pageProps_match_matchInfo_team2_playerHistories_2_role,props_pageProps_match_matchInfo_team2_playerHistories_2_tournamentUrn,props_pageProps_match_matchInfo_team2_playerHistories_3___typename,props_pageProps_match_matchInfo_team2_playerHistories_3_playerDetails___typename,props_pageProps_match_matchInfo_team2_playerHistories_3_playerDetails_factorId,props_pageProps_match_matchInfo_team2_playerHistories_3_playerDetails_fullName,props_pageProps_match_matchInfo_team2_playerHistories_3_playerDetails_headshotUrl,props_pageProps_match_matchInfo_team2_playerHistories_3_playerDetails_name,props_pageProps_match_matchInfo_team2_playerHistories_3_playerDetails_perid,props_pageProps_match_matchInfo_team2_playerHistories_3_playerPerid,props_pageProps_match_matchInfo_team2_playerHistories_3_role,props_pageProps_match_matchInfo_team2_playerHistories_3_tournamentUrn,props_pageProps_match_matchInfo_team2_playerHistories_4___typename,props_pageProps_match_matchInfo_team2_playerHistories_4_playerDetails___typename,props_pageProps_match_matchInfo_team2_playerHistories_4_playerDetails_factorId,props_pageProps_match_matchInfo_team2_playerHistories_4_playerDetails_fullName,props_pageProps_match_matchInfo_team2_playerHistories_4_playerDetails_headshotUrl,props_pageProps_match_matchInfo_team2_playerHistories_4_playerDetails_name,props_pageProps_match_matchInfo_team2_playerHistories_4_playerDetails_perid,props_pageProps_match_matchInfo_team2_playerHistories_4_playerPerid,props_pageProps_match_matchInfo_team2_playerHistories_4_role,props_pageProps_match_matchInfo_team2_playerHistories_4_tournamentUrn,props_pageProps_match_matchInfo_team2_playerHistories_5___typename,props_pageProps_match_matchInfo_team2_playerHistories_5_playerDetails___typename,props_pageProps_match_matchInfo_team2_playerHistories_5_playerDetails_factorId,props_pageProps_match_matchInfo_team2_playerHistories_5_playerDetails_fullName,props_pageProps_match_matchInfo_team2_playerHistories_5_playerDetails_headshotUrl,props_pageProps_match_matchInfo_team2_playerHistories_5_playerDetails_name,props_pageProps_match_matchInfo_team2_playerHistories_5_playerDetails_perid,props_pageProps_match_matchInfo_team2_playerHistories_5_playerPerid,props_pageProps_match_matchInfo_team2_playerHistories_5_role,props_pageProps_match_matchInfo_team2_playerHistories_5_tournamentUrn,props_pageProps_match_matchInfo_team2_playerHistories_6___typename,props_pageProps_match_matchInfo_team2_playerHistories_6_playerDetails___typename,props_pageProps_match_matchInfo_team2_playerHistories_6_playerDetails_factorId,props_pageProps_match_matchInfo_team2_playerHistories_6_playerDetails_fullName,props_pageProps_match_matchInfo_team2_playerHistories_6_playerDetails_headshotUrl,props_pageProps_match_matchInfo_team2_playerHistories_6_playerDetails_name,props_pageProps_match_matchInfo_team2_playerHistories_6_playerDetails_perid,props_pageProps_match_matchInfo_team2_playerHistories_6_playerPerid,props_pageProps_match_matchInfo_team2_playerHistories_6_role,props_pageProps_match_matchInfo_team2_playerHistories_6_tournamentUrn,props_pageProps_match_matchInfo_team2_playerHistories_7___typename,props_pageProps_match_matchInfo_team2_playerHistories_7_playerDetails___typename,props_pageProps_match_matchInfo_team2_playerHistories_7_playerDetails_factorId,props_pageProps_match_matchInfo_team2_playerHistories_7_playerDetails_fullName,props_pageProps_match_matchInfo_team2_playerHistories_7_playerDetails_headshotUrl,props_pageProps_match_matchInfo_team2_playerHistories_7_playerDetails_name,props_pageProps_match_matchInfo_team2_playerHistories_7_playerDetails_perid,props_pageProps_match_matchInfo_team2_playerHistories_7_playerPerid,props_pageProps_match_matchInfo_team2_playerHistories_7_role,props_pageProps_match_matchInfo_team2_playerHistories_7_tournamentUrn,props_pageProps_match_matchInfo_team2_playerHistories_8___typename,props_pageProps_match_matchInfo_team2_playerHistories_8_playerDetails___typename,props_pageProps_match_matchInfo_team2_playerHistories_8_playerDetails_factorId,props_pageProps_match_matchInfo_team2_playerHistories_8_playerDetails_fullName,props_pageProps_match_matchInfo_team2_playerHistories_8_playerDetails_headshotUrl,props_pageProps_match_matchInfo_team2_playerHistories_8_playerDetails_name,props_pageProps_match_matchInfo_team2_playerHistories_8_playerDetails_perid,props_pageProps_match_matchInfo_team2_playerHistories_8_playerPerid,props_pageProps_match_matchInfo_team2_playerHistories_8_role,props_pageProps_match_matchInfo_team2_playerHistories_8_tournamentUrn,props_pageProps_match_matchInfo_team2_playerHistories_9___typename,props_pageProps_match_matchInfo_team2_playerHistories_9_playerDetails___typename,props_pageProps_match_matchInfo_team2_playerHistories_9_playerDetails_factorId,props_pageProps_match_matchInfo_team2_playerHistories_9_playerDetails_fullName,props_pageProps_match_matchInfo_team2_playerHistories_9_playerDetails_headshotUrl,props_pageProps_match_matchInfo_team2_playerHistories_9_playerDetails_name,props_pageProps_match_matchInfo_team2_playerHistories_9_playerDetails_perid,props_pageProps_match_matchInfo_team2_playerHistories_9_playerPerid,props_pageProps_match_matchInfo_team2_playerHistories_9_role,props_pageProps_match_matchInfo_team2_playerHistories_9_tournamentUrn,props_pageProps_match_matchInfo_team2_playerHistories_10___typename,props_pageProps_match_matchInfo_team2_playerHistories_10_playerDetails___typename,props_pageProps_match_matchInfo_team2_playerHistories_10_playerDetails_factorId,props_pageProps_match_matchInfo_team2_playerHistories_10_playerDetails_fullName,props_pageProps_match_matchInfo_team2_playerHistories_10_playerDetails_headshotUrl,props_pageProps_match_matchInfo_team2_playerHistories_10_playerDetails_name,props_pageProps_match_matchInfo_team2_playerHistories_10_playerDetails_perid,props_pageProps_match_matchInfo_team2_playerHistories_10_playerPerid,props_pageProps_match_matchInfo_team2_playerHistories_10_role,props_pageProps_match_matchInfo_team2_playerHistories_10_tournamentUrn,props_pageProps_match_matchInfo_team2_playerHistories_11___typename,props_pageProps_match_matchInfo_team2_playerHistories_11_playerDetails___typename,props_pageProps_match_matchInfo_team2_playerHistories_11_playerDetails_factorId,props_pageProps_match_matchInfo_team2_playerHistories_11_playerDetails_fullName,props_pageProps_match_matchInfo_team2_playerHistories_11_playerDetails_headshotUrl,props_pageProps_match_matchInfo_team2_playerHistories_11_playerDetails_name,props_pageProps_match_matchInfo_team2_playerHistories_11_playerDetails_perid,props_pageProps_match_matchInfo_team2_playerHistories_11_playerPerid,props_pageProps_match_matchInfo_team2_playerHistories_11_role,props_pageProps_match_matchInfo_team2_playerHistories_11_tournamentUrn,props_pageProps_match_matchInfo_team2_playerHistories_12___typename,props_pageProps_match_matchInfo_team2_playerHistories_12_playerDetails___typename,props_pageProps_match_matchInfo_team2_playerHistories_12_playerDetails_factorId,props_pageProps_match_matchInfo_team2_playerHistories_12_playerDetails_fullName,props_pageProps_match_matchInfo_team2_playerHistories_12_playerDetails_headshotUrl,props_pageProps_match_matchInfo_team2_playerHistories_12_playerDetails_name,props_pageProps_match_matchInfo_team2_playerHistories_12_playerDetails_perid,props_pageProps_match_matchInfo_team2_playerHistories_12_playerPerid,props_pageProps_match_matchInfo_team2_playerHistories_12_role,props_pageProps_match_matchInfo_team2_playerHistories_12_tournamentUrn,props_pageProps_match_matchInfo_team2_playerHistories_13___typename,props_pageProps_match_matchInfo_team2_playerHistories_13_playerDetails___typename,props_pageProps_match_matchInfo_team2_playerHistories_13_playerDetails_factorId,props_pageProps_match_matchInfo_team2_playerHistories_13_playerDetails_fullName,props_pageProps_match_matchInfo_team2_playerHistories_13_playerDetails_headshotUrl,props_pageProps_match_matchInfo_team2_playerHistories_13_playerDetails_name,props_pageProps_match_matchInfo_team2_playerHistories_13_playerDetails_perid,props_pageProps_match_matchInfo_team2_playerHistories_13_playerPerid,props_pageProps_match_matchInfo_team2_playerHistories_13_role,props_pageProps_match_matchInfo_team2_playerHistories_13_tournamentUrn,props_pageProps_match_matchInfo_team2_playerHistories_14___typename,props_pageProps_match_matchInfo_team2_playerHistories_14_playerDetails___typename,props_pageProps_match_matchInfo_team2_playerHistories_14_playerDetails_factorId,props_pageProps_match_matchInfo_team2_playerHistories_14_playerDetails_fullName,props_pageProps_match_matchInfo_team2_playerHistories_14_playerDetails_headshotUrl,props_pageProps_match_matchInfo_team2_playerHistories_14_playerDetails_name,props_pageProps_match_matchInfo_team2_playerHistories_14_playerDetails_perid,props_pageProps_match_matchInfo_team2_playerHistories_14_playerPerid,props_pageProps_match_matchInfo_team2_playerHistories_14_role,props_pageProps_match_matchInfo_team2_playerHistories_14_tournamentUrn,props_pageProps_match_matchInfo_team2_playerHistories_15___typename,props_pageProps_match_matchInfo_team2_playerHistories_15_playerDetails___typename,props_pageProps_match_matchInfo_team2_playerHistories_15_playerDetails_factorId,props_pageProps_match_matchInfo_team2_playerHistories_15_playerDetails_fullName,props_pageProps_match_matchInfo_team2_playerHistories_15_playerDetails_headshotUrl,props_pageProps_match_matchInfo_team2_playerHistories_15_playerDetails_name,props_pageProps_match_matchInfo_team2_playerHistories_15_playerDetails_perid,props_pageProps_match_matchInfo_team2_playerHistories_15_playerPerid,props_pageProps_match_matchInfo_team2_playerHistories_15_role,props_pageProps_match_matchInfo_team2_playerHistories_15_tournamentUrn,props_pageProps_match_matchInfo_team2_playerHistories_16___typename,props_pageProps_match_matchInfo_team2_playerHistories_16_playerDetails___typename,props_pageProps_match_matchInfo_team2_playerHistories_16_playerDetails_factorId,props_pageProps_match_matchInfo_team2_playerHistories_16_playerDetails_fullName,props_pageProps_match_matchInfo_team2_playerHistories_16_playerDetails_headshotUrl,props_pageProps_match_matchInfo_team2_playerHistories_16_playerDetails_name,props_pageProps_match_matchInfo_team2_playerHistories_16_playerDetails_perid,props_pageProps_match_matchInfo_team2_playerHistories_16_playerPerid,props_pageProps_match_matchInfo_team2_playerHistories_16_role,props_pageProps_match_matchInfo_team2_playerHistories_16_tournamentUrn,props_pageProps_match_matchInfo_team2_powrRanking___typename,props_pageProps_match_matchInfo_team2_powrRanking_gameRecord,props_pageProps_match_matchInfo_team2_powrRanking_gamesPlayed,props_pageProps_match_matchInfo_team2_powrRanking_prevRanking,props_pageProps_match_matchInfo_team2_powrRanking_rank,props_pageProps_match_matchInfo_team2_powrRanking_ranking,props_pageProps_match_matchInfo_team2_powrRanking_team,props_pageProps_match_matchInfo_team2_powrRanking_teamPerid,props_pageProps_match_matchInfo_team2_roster_0_playerDetails___typename,props_pageProps_match_matchInfo_team2_roster_0_playerDetails_factorId,props_pageProps_match_matchInfo_team2_roster_0_playerDetails_fullName,props_pageProps_match_matchInfo_team2_roster_0_playerDetails_headshotUrl,props_pageProps_match_matchInfo_team2_roster_0_playerDetails_name,props_pageProps_match_matchInfo_team2_roster_0_playerDetails_perid,props_pageProps_match_matchInfo_team2_roster_0_playerName,props_pageProps_match_matchInfo_team2_roster_0_playerPerid,props_pageProps_match_matchInfo_team2_roster_0_role,props_pageProps_match_matchInfo_team2_roster_1_playerDetails___typename,props_pageProps_match_matchInfo_team2_roster_1_playerDetails_factorId,props_pageProps_match_matchInfo_team2_roster_1_playerDetails_fullName,props_pageProps_match_matchInfo_team2_roster_1_playerDetails_headshotUrl,props_pageProps_match_matchInfo_team2_roster_1_playerDetails_name,props_pageProps_match_matchInfo_team2_roster_1_playerDetails_perid,props_pageProps_match_matchInfo_team2_roster_1_playerName,props_pageProps_match_matchInfo_team2_roster_1_playerPerid,props_pageProps_match_matchInfo_team2_roster_1_role,props_pageProps_match_matchInfo_team2_roster_2_playerDetails___typename,props_pageProps_match_matchInfo_team2_roster_2_playerDetails_factorId,props_pageProps_match_matchInfo_team2_roster_2_playerDetails_fullName,props_pageProps_match_matchInfo_team2_roster_2_playerDetails_headshotUrl,props_pageProps_match_matchInfo_team2_roster_2_playerDetails_name,props_pageProps_match_matchInfo_team2_roster_2_playerDetails_perid,props_pageProps_match_matchInfo_team2_roster_2_playerName,props_pageProps_match_matchInfo_team2_roster_2_playerPerid,props_pageProps_match_matchInfo_team2_roster_2_role,props_pageProps_match_matchInfo_team2_roster_3_playerDetails___typename,props_pageProps_match_matchInfo_team2_roster_3_playerDetails_factorId,props_pageProps_match_matchInfo_team2_roster_3_playerDetails_fullName,props_pageProps_match_matchInfo_team2_roster_3_playerDetails_headshotUrl,props_pageProps_match_matchInfo_team2_roster_3_playerDetails_name,props_pageProps_match_matchInfo_team2_roster_3_playerDetails_perid,props_pageProps_match_matchInfo_team2_roster_3_playerName,props_pageProps_match_matchInfo_team2_roster_3_playerPerid,props_pageProps_match_matchInfo_team2_roster_3_role,props_pageProps_match_matchInfo_team2_roster_4_playerDetails___typename,props_pageProps_match_matchInfo_team2_roster_4_playerDetails_factorId,props_pageProps_match_matchInfo_team2_roster_4_playerDetails_fullName,props_pageProps_match_matchInfo_team2_roster_4_playerDetails_headshotUrl,props_pageProps_match_matchInfo_team2_roster_4_playerDetails_name,props_pageProps_match_matchInfo_team2_roster_4_playerDetails_perid,props_pageProps_match_matchInfo_team2_roster_4_playerName,props_pageProps_match_matchInfo_team2_roster_4_playerPerid,props_pageProps_match_matchInfo_team2_roster_4_role,props_pageProps_match_matchInfo_team2_roster_5_playerDetails___typename,props_pageProps_match_matchInfo_team2_roster_5_playerDetails_factorId,props_pageProps_match_matchInfo_team2_roster_5_playerDetails_fullName,props_pageProps_match_matchInfo_team2_roster_5_playerDetails_headshotUrl,props_pageProps_match_matchInfo_team2_roster_5_playerDetails_name,props_pageProps_match_matchInfo_team2_roster_5_playerDetails_perid,props_pageProps_match_matchInfo_team2_roster_5_playerName,props_pageProps_match_matchInfo_team2_roster_5_playerPerid,props_pageProps_match_matchInfo_team2_roster_5_role,props_pageProps_match_matchInfo_team2_roster_6_playerDetails___typename,props_pageProps_match_matchInfo_team2_roster_6_playerDetails_factorId,props_pageProps_match_matchInfo_team2_roster_6_playerDetails_fullName,props_pageProps_match_matchInfo_team2_roster_6_playerDetails_headshotUrl,props_pageProps_match_matchInfo_team2_roster_6_playerDetails_name,props_pageProps_match_matchInfo_team2_roster_6_playerDetails_perid,props_pageProps_match_matchInfo_team2_roster_6_playerName,props_pageProps_match_matchInfo_team2_roster_6_playerPerid,props_pageProps_match_matchInfo_team2_roster_6_role,props_pageProps_match_matchInfo_team2_roster_7_playerDetails___typename,props_pageProps_match_matchInfo_team2_roster_7_playerDetails_factorId,props_pageProps_match_matchInfo_team2_roster_7_playerDetails_fullName,props_pageProps_match_matchInfo_team2_roster_7_playerDetails_headshotUrl,props_pageProps_match_matchInfo_team2_roster_7_playerDetails_name,props_pageProps_match_matchInfo_team2_roster_7_playerDetails_perid,props_pageProps_match_matchInfo_team2_roster_7_playerName,props_pageProps_match_matchInfo_team2_roster_7_playerPerid,props_pageProps_match_matchInfo_team2_roster_7_role,props_pageProps_match_matchInfo_team2_roster_8_playerDetails___typename,props_pageProps_match_matchInfo_team2_roster_8_playerDetails_factorId,props_pageProps_match_matchInfo_team2_roster_8_playerDetails_fullName,props_pageProps_match_matchInfo_team2_roster_8_playerDetails_headshotUrl,props_pageProps_match_matchInfo_team2_roster_8_playerDetails_name,props_pageProps_match_matchInfo_team2_roster_8_playerDetails_perid,props_pageProps_match_matchInfo_team2_roster_8_playerName,props_pageProps_match_matchInfo_team2_roster_8_playerPerid,props_pageProps_match_matchInfo_team2_roster_8_role,props_pageProps_match_matchInfo_team2_roster_9_playerDetails___typename,props_pageProps_match_matchInfo_team2_roster_9_playerDetails_factorId,props_pageProps_match_matchInfo_team2_roster_9_playerDetails_fullName,props_pageProps_match_matchInfo_team2_roster_9_playerDetails_headshotUrl,props_pageProps_match_matchInfo_team2_roster_9_playerDetails_name,props_pageProps_match_matchInfo_team2_roster_9_playerDetails_perid,props_pageProps_match_matchInfo_team2_roster_9_playerName,props_pageProps_match_matchInfo_team2_roster_9_playerPerid,props_pageProps_match_matchInfo_team2_roster_9_role,props_pageProps_match_matchInfo_team2_roster_10_playerDetails___typename,props_pageProps_match_matchInfo_team2_roster_10_playerDetails_factorId,props_pageProps_match_matchInfo_team2_roster_10_playerDetails_fullName,props_pageProps_match_matchInfo_team2_roster_10_playerDetails_headshotUrl,props_pageProps_match_matchInfo_team2_roster_10_playerDetails_name,props_pageProps_match_matchInfo_team2_roster_10_playerDetails_perid,props_pageProps_match_matchInfo_team2_roster_10_playerName,props_pageProps_match_matchInfo_team2_roster_10_playerPerid,props_pageProps_match_matchInfo_team2_roster_10_role,props_pageProps_match_matchInfo_team2_teamLogo___typename,props_pageProps_match_matchInfo_team2_teamLogo_darkFlip,props_pageProps_match_matchInfo_team2_teamLogo_darkShadow,props_pageProps_match_matchInfo_team2_teamLogo_logoUrl,props_pageProps_match_matchInfo_team2_teamUrn,props_pageProps_match_matchInfo_team2_tournaments_0___typename,props_pageProps_match_matchInfo_team2_tournaments_0_series___typename,props_pageProps_match_matchInfo_team2_tournaments_0_series_seriesName,props_pageProps_match_matchInfo_team2_tournaments_0_series_seriesUrn,props_pageProps_match_matchInfo_team2_tournaments_0_tournamentUrn,props_pageProps_match_matchInfo_team2_tournaments_1___typename,props_pageProps_match_matchInfo_team2_tournaments_1_series___typename,props_pageProps_match_matchInfo_team2_tournaments_1_series_seriesName,props_pageProps_match_matchInfo_team2_tournaments_1_series_seriesUrn,props_pageProps_match_matchInfo_team2_tournaments_1_tournamentUrn,props_pageProps_match_matchInfo_team2_tournaments_2___typename,props_pageProps_match_matchInfo_team2_tournaments_2_series___typename,props_pageProps_match_matchInfo_team2_tournaments_2_series_seriesName,props_pageProps_match_matchInfo_team2_tournaments_2_series_seriesUrn,props_pageProps_match_matchInfo_team2_tournaments_2_tournamentUrn,props_pageProps_match_matchInfo_tournament___typename,props_pageProps_match_matchInfo_tournament_endDate,props_pageProps_match_matchInfo_tournament_lastModified,props_pageProps_match_matchInfo_tournament_name,props_pageProps_match_matchInfo_tournament_season___typename,props_pageProps_match_matchInfo_tournament_season_seasonFullName,props_pageProps_match_matchInfo_tournament_season_seasonName,props_pageProps_match_matchInfo_tournament_season_seasonUrn,props_pageProps_match_matchInfo_tournament_series___typename,props_pageProps_match_matchInfo_tournament_series_seriesName,props_pageProps_match_matchInfo_tournament_series_seriesUrn,props_pageProps_match_matchInfo_tournament_startDate,props_pageProps_match_matchInfo_tournament_tier,props_pageProps_match_matchInfo_tournament_tierLabel,props_pageProps_match_matchInfo_tournament_titleId,props_pageProps_match_matchInfo_tournament_tournamentUrn,props_pageProps_match_pageState_gameNumber,props_pageProps_match_pageState_hasNoTabParams,props_pageProps_match_pageState_matchId,props_pageProps_match_pageState_postMatchTab,props_pageProps_match_seriesName,props_pageProps_match_team1___typename,props_pageProps_match_team1_abbreviation,props_pageProps_match_team1_factorId,props_pageProps_match_team1_fullName,props_pageProps_match_team1_playerHistories_0___typename,props_pageProps_match_team1_playerHistories_0_playerDetails___typename,props_pageProps_match_team1_playerHistories_0_playerDetails_factorId,props_pageProps_match_team1_playerHistories_0_playerDetails_fullName,props_pageProps_match_team1_playerHistories_0_playerDetails_headshotUrl,props_pageProps_match_team1_playerHistories_0_playerDetails_name,props_pageProps_match_team1_playerHistories_0_playerDetails_perid,props_pageProps_match_team1_playerHistories_0_playerPerid,props_pageProps_match_team1_playerHistories_0_role,props_pageProps_match_team1_playerHistories_0_tournamentUrn,props_pageProps_match_team1_playerHistories_1___typename,props_pageProps_match_team1_playerHistories_1_playerDetails___typename,props_pageProps_match_team1_playerHistories_1_playerDetails_factorId,props_pageProps_match_team1_playerHistories_1_playerDetails_fullName,props_pageProps_match_team1_playerHistories_1_playerDetails_headshotUrl,props_pageProps_match_team1_playerHistories_1_playerDetails_name,props_pageProps_match_team1_playerHistories_1_playerDetails_perid,props_pageProps_match_team1_playerHistories_1_playerPerid,props_pageProps_match_team1_playerHistories_1_role,props_pageProps_match_team1_playerHistories_1_tournamentUrn,props_pageProps_match_team1_playerHistories_2___typename,props_pageProps_match_team1_playerHistories_2_playerDetails___typename,props_pageProps_match_team1_playerHistories_2_playerDetails_factorId,props_pageProps_match_team1_playerHistories_2_playerDetails_fullName,props_pageProps_match_team1_playerHistories_2_playerDetails_headshotUrl,props_pageProps_match_team1_playerHistories_2_playerDetails_name,props_pageProps_match_team1_playerHistories_2_playerDetails_perid,props_pageProps_match_team1_playerHistories_2_playerPerid,props_pageProps_match_team1_playerHistories_2_role,props_pageProps_match_team1_playerHistories_2_tournamentUrn,props_pageProps_match_team1_playerHistories_3___typename,props_pageProps_match_team1_playerHistories_3_playerDetails___typename,props_pageProps_match_team1_playerHistories_3_playerDetails_factorId,props_pageProps_match_team1_playerHistories_3_playerDetails_fullName,props_pageProps_match_team1_playerHistories_3_playerDetails_headshotUrl,props_pageProps_match_team1_playerHistories_3_playerDetails_name,props_pageProps_match_team1_playerHistories_3_playerDetails_perid,props_pageProps_match_team1_playerHistories_3_playerPerid,props_pageProps_match_team1_playerHistories_3_role,props_pageProps_match_team1_playerHistories_3_tournamentUrn,props_pageProps_match_team1_playerHistories_4___typename,props_pageProps_match_team1_playerHistories_4_playerDetails___typename,props_pageProps_match_team1_playerHistories_4_playerDetails_factorId,props_pageProps_match_team1_playerHistories_4_playerDetails_fullName,props_pageProps_match_team1_playerHistories_4_playerDetails_headshotUrl,props_pageProps_match_team1_playerHistories_4_playerDetails_name,props_pageProps_match_team1_playerHistories_4_playerDetails_perid,props_pageProps_match_team1_playerHistories_4_playerPerid,props_pageProps_match_team1_playerHistories_4_role,props_pageProps_match_team1_playerHistories_4_tournamentUrn,props_pageProps_match_team1_playerHistories_5___typename,props_pageProps_match_team1_playerHistories_5_playerDetails___typename,props_pageProps_match_team1_playerHistories_5_playerDetails_factorId,props_pageProps_match_team1_playerHistories_5_playerDetails_fullName,props_pageProps_match_team1_playerHistories_5_playerDetails_headshotUrl,props_pageProps_match_team1_playerHistories_5_playerDetails_name,props_pageProps_match_team1_playerHistories_5_playerDetails_perid,props_pageProps_match_team1_playerHistories_5_playerPerid,props_pageProps_match_team1_playerHistories_5_role,props_pageProps_match_team1_playerHistories_5_tournamentUrn,props_pageProps_match_team1_playerHistories_6___typename,props_pageProps_match_team1_playerHistories_6_playerDetails___typename,props_pageProps_match_team1_playerHistories_6_playerDetails_factorId,props_pageProps_match_team1_playerHistories_6_playerDetails_fullName,props_pageProps_match_team1_playerHistories_6_playerDetails_headshotUrl,props_pageProps_match_team1_playerHistories_6_playerDetails_name,props_pageProps_match_team1_playerHistories_6_playerDetails_perid,props_pageProps_match_team1_playerHistories_6_playerPerid,props_pageProps_match_team1_playerHistories_6_role,props_pageProps_match_team1_playerHistories_6_tournamentUrn,props_pageProps_match_team1_playerHistories_7___typename,props_pageProps_match_team1_playerHistories_7_playerDetails___typename,props_pageProps_match_team1_playerHistories_7_playerDetails_factorId,props_pageProps_match_team1_playerHistories_7_playerDetails_fullName,props_pageProps_match_team1_playerHistories_7_playerDetails_headshotUrl,props_pageProps_match_team1_playerHistories_7_playerDetails_name,props_pageProps_match_team1_playerHistories_7_playerDetails_perid,props_pageProps_match_team1_playerHistories_7_playerPerid,props_pageProps_match_team1_playerHistories_7_role,props_pageProps_match_team1_playerHistories_7_tournamentUrn,props_pageProps_match_team1_playerHistories_8___typename,props_pageProps_match_team1_playerHistories_8_playerDetails___typename,props_pageProps_match_team1_playerHistories_8_playerDetails_factorId,props_pageProps_match_team1_playerHistories_8_playerDetails_fullName,props_pageProps_match_team1_playerHistories_8_playerDetails_headshotUrl,props_pageProps_match_team1_playerHistories_8_playerDetails_name,props_pageProps_match_team1_playerHistories_8_playerDetails_perid,props_pageProps_match_team1_playerHistories_8_playerPerid,props_pageProps_match_team1_playerHistories_8_role,props_pageProps_match_team1_playerHistories_8_tournamentUrn,props_pageProps_match_team1_playerHistories_9___typename,props_pageProps_match_team1_playerHistories_9_playerDetails___typename,props_pageProps_match_team1_playerHistories_9_playerDetails_factorId,props_pageProps_match_team1_playerHistories_9_playerDetails_fullName,props_pageProps_match_team1_playerHistories_9_playerDetails_headshotUrl,props_pageProps_match_team1_playerHistories_9_playerDetails_name,props_pageProps_match_team1_playerHistories_9_playerDetails_perid,props_pageProps_match_team1_playerHistories_9_playerPerid,props_pageProps_match_team1_playerHistories_9_role,props_pageProps_match_team1_playerHistories_9_tournamentUrn,props_pageProps_match_team1_playerHistories_10___typename,props_pageProps_match_team1_playerHistories_10_playerDetails___typename,props_pageProps_match_team1_playerHistories_10_playerDetails_factorId,props_pageProps_match_team1_playerHistories_10_playerDetails_fullName,props_pageProps_match_team1_playerHistories_10_playerDetails_headshotUrl,props_pageProps_match_team1_playerHistories_10_playerDetails_name,props_pageProps_match_team1_playerHistories_10_playerDetails_perid,props_pageProps_match_team1_playerHistories_10_playerPerid,props_pageProps_match_team1_playerHistories_10_role,props_pageProps_match_team1_playerHistories_10_tournamentUrn,props_pageProps_match_team1_playerHistories_11___typename,props_pageProps_match_team1_playerHistories_11_playerDetails___typename,props_pageProps_match_team1_playerHistories_11_playerDetails_factorId,props_pageProps_match_team1_playerHistories_11_playerDetails_fullName,props_pageProps_match_team1_playerHistories_11_playerDetails_headshotUrl,props_pageProps_match_team1_playerHistories_11_playerDetails_name,props_pageProps_match_team1_playerHistories_11_playerDetails_perid,props_pageProps_match_team1_playerHistories_11_playerPerid,props_pageProps_match_team1_playerHistories_11_role,props_pageProps_match_team1_playerHistories_11_tournamentUrn,props_pageProps_match_team1_playerHistories_12___typename,props_pageProps_match_team1_playerHistories_12_playerDetails___typename,props_pageProps_match_team1_playerHistories_12_playerDetails_factorId,props_pageProps_match_team1_playerHistories_12_playerDetails_fullName,props_pageProps_match_team1_playerHistories_12_playerDetails_headshotUrl,props_pageProps_match_team1_playerHistories_12_playerDetails_name,props_pageProps_match_team1_playerHistories_12_playerDetails_perid,props_pageProps_match_team1_playerHistories_12_playerPerid,props_pageProps_match_team1_playerHistories_12_role,props_pageProps_match_team1_playerHistories_12_tournamentUrn,props_pageProps_match_team1_playerHistories_13___typename,props_pageProps_match_team1_playerHistories_13_playerDetails___typename,props_pageProps_match_team1_playerHistories_13_playerDetails_factorId,props_pageProps_match_team1_playerHistories_13_playerDetails_fullName,props_pageProps_match_team1_playerHistories_13_playerDetails_headshotUrl,props_pageProps_match_team1_playerHistories_13_playerDetails_name,props_pageProps_match_team1_playerHistories_13_playerDetails_perid,props_pageProps_match_team1_playerHistories_13_playerPerid,props_pageProps_match_team1_playerHistories_13_role,props_pageProps_match_team1_playerHistories_13_tournamentUrn,props_pageProps_match_team1_playerHistories_14___typename,props_pageProps_match_team1_playerHistories_14_playerDetails___typename,props_pageProps_match_team1_playerHistories_14_playerDetails_factorId,props_pageProps_match_team1_playerHistories_14_playerDetails_fullName,props_pageProps_match_team1_playerHistories_14_playerDetails_headshotUrl,props_pageProps_match_team1_playerHistories_14_playerDetails_name,props_pageProps_match_team1_playerHistories_14_playerDetails_perid,props_pageProps_match_team1_playerHistories_14_playerPerid,props_pageProps_match_team1_playerHistories_14_role,props_pageProps_match_team1_playerHistories_14_tournamentUrn,props_pageProps_match_team1_playerHistories_15___typename,props_pageProps_match_team1_playerHistories_15_playerDetails___typename,props_pageProps_match_team1_playerHistories_15_playerDetails_factorId,props_pageProps_match_team1_playerHistories_15_playerDetails_fullName,props_pageProps_match_team1_playerHistories_15_playerDetails_headshotUrl,props_pageProps_match_team1_playerHistories_15_playerDetails_name,props_pageProps_match_team1_playerHistories_15_playerDetails_perid,props_pageProps_match_team1_playerHistories_15_playerPerid,props_pageProps_match_team1_playerHistories_15_role,props_pageProps_match_team1_playerHistories_15_tournamentUrn,props_pageProps_match_team1_playerHistories_16___typename,props_pageProps_match_team1_playerHistories_16_playerDetails___typename,props_pageProps_match_team1_playerHistories_16_playerDetails_factorId,props_pageProps_match_team1_playerHistories_16_playerDetails_fullName,props_pageProps_match_team1_playerHistories_16_playerDetails_headshotUrl,props_pageProps_match_team1_playerHistories_16_playerDetails_name,props_pageProps_match_team1_playerHistories_16_playerDetails_perid,props_pageProps_match_team1_playerHistories_16_playerPerid,props_pageProps_match_team1_playerHistories_16_role,props_pageProps_match_team1_playerHistories_16_tournamentUrn,props_pageProps_match_team1_playerHistories_17___typename,props_pageProps_match_team1_playerHistories_17_playerDetails___typename,props_pageProps_match_team1_playerHistories_17_playerDetails_factorId,props_pageProps_match_team1_playerHistories_17_playerDetails_fullName,props_pageProps_match_team1_playerHistories_17_playerDetails_headshotUrl,props_pageProps_match_team1_playerHistories_17_playerDetails_name,props_pageProps_match_team1_playerHistories_17_playerDetails_perid,props_pageProps_match_team1_playerHistories_17_playerPerid,props_pageProps_match_team1_playerHistories_17_role,props_pageProps_match_team1_playerHistories_17_tournamentUrn,props_pageProps_match_team1_playerHistories_18___typename,props_pageProps_match_team1_playerHistories_18_playerDetails___typename,props_pageProps_match_team1_playerHistories_18_playerDetails_factorId,props_pageProps_match_team1_playerHistories_18_playerDetails_fullName,props_pageProps_match_team1_playerHistories_18_playerDetails_headshotUrl,props_pageProps_match_team1_playerHistories_18_playerDetails_name,props_pageProps_match_team1_playerHistories_18_playerDetails_perid,props_pageProps_match_team1_playerHistories_18_playerPerid,props_pageProps_match_team1_playerHistories_18_role,props_pageProps_match_team1_playerHistories_18_tournamentUrn,props_pageProps_match_team1_playerHistories_19___typename,props_pageProps_match_team1_playerHistories_19_playerDetails___typename,props_pageProps_match_team1_playerHistories_19_playerDetails_factorId,props_pageProps_match_team1_playerHistories_19_playerDetails_fullName,props_pageProps_match_team1_playerHistories_19_playerDetails_headshotUrl,props_pageProps_match_team1_playerHistories_19_playerDetails_name,props_pageProps_match_team1_playerHistories_19_playerDetails_perid,props_pageProps_match_team1_playerHistories_19_playerPerid,props_pageProps_match_team1_playerHistories_19_role,props_pageProps_match_team1_playerHistories_19_tournamentUrn,props_pageProps_match_team1_playerHistories_20___typename,props_pageProps_match_team1_playerHistories_20_playerDetails___typename,props_pageProps_match_team1_playerHistories_20_playerDetails_factorId,props_pageProps_match_team1_playerHistories_20_playerDetails_fullName,props_pageProps_match_team1_playerHistories_20_playerDetails_headshotUrl,props_pageProps_match_team1_playerHistories_20_playerDetails_name,props_pageProps_match_team1_playerHistories_20_playerDetails_perid,props_pageProps_match_team1_playerHistories_20_playerPerid,props_pageProps_match_team1_playerHistories_20_role,props_pageProps_match_team1_playerHistories_20_tournamentUrn,props_pageProps_match_team1_playerHistories_21___typename,props_pageProps_match_team1_playerHistories_21_playerDetails___typename,props_pageProps_match_team1_playerHistories_21_playerDetails_factorId,props_pageProps_match_team1_playerHistories_21_playerDetails_fullName,props_pageProps_match_team1_playerHistories_21_playerDetails_headshotUrl,props_pageProps_match_team1_playerHistories_21_playerDetails_name,props_pageProps_match_team1_playerHistories_21_playerDetails_perid,props_pageProps_match_team1_playerHistories_21_playerPerid,props_pageProps_match_team1_playerHistories_21_role,props_pageProps_match_team1_playerHistories_21_tournamentUrn,props_pageProps_match_team1_playerHistories_22___typename,props_pageProps_match_team1_playerHistories_22_playerDetails___typename,props_pageProps_match_team1_playerHistories_22_playerDetails_factorId,props_pageProps_match_team1_playerHistories_22_playerDetails_fullName,props_pageProps_match_team1_playerHistories_22_playerDetails_headshotUrl,props_pageProps_match_team1_playerHistories_22_playerDetails_name,props_pageProps_match_team1_playerHistories_22_playerDetails_perid,props_pageProps_match_team1_playerHistories_22_playerPerid,props_pageProps_match_team1_playerHistories_22_role,props_pageProps_match_team1_playerHistories_22_tournamentUrn,props_pageProps_match_team1_playerHistories_23___typename,props_pageProps_match_team1_playerHistories_23_playerDetails___typename,props_pageProps_match_team1_playerHistories_23_playerDetails_factorId,props_pageProps_match_team1_playerHistories_23_playerDetails_fullName,props_pageProps_match_team1_playerHistories_23_playerDetails_headshotUrl,props_pageProps_match_team1_playerHistories_23_playerDetails_name,props_pageProps_match_team1_playerHistories_23_playerDetails_perid,props_pageProps_match_team1_playerHistories_23_playerPerid,props_pageProps_match_team1_playerHistories_23_role,props_pageProps_match_team1_playerHistories_23_tournamentUrn,props_pageProps_match_team1_playerHistories_24___typename,props_pageProps_match_team1_playerHistories_24_playerDetails___typename,props_pageProps_match_team1_playerHistories_24_playerDetails_factorId,props_pageProps_match_team1_playerHistories_24_playerDetails_fullName,props_pageProps_match_team1_playerHistories_24_playerDetails_headshotUrl,props_pageProps_match_team1_playerHistories_24_playerDetails_name,props_pageProps_match_team1_playerHistories_24_playerDetails_perid,props_pageProps_match_team1_playerHistories_24_playerPerid,props_pageProps_match_team1_playerHistories_24_role,props_pageProps_match_team1_playerHistories_24_tournamentUrn,props_pageProps_match_team1_playerHistories_25___typename,props_pageProps_match_team1_playerHistories_25_playerDetails___typename,props_pageProps_match_team1_playerHistories_25_playerDetails_factorId,props_pageProps_match_team1_playerHistories_25_playerDetails_fullName,props_pageProps_match_team1_playerHistories_25_playerDetails_headshotUrl,props_pageProps_match_team1_playerHistories_25_playerDetails_name,props_pageProps_match_team1_playerHistories_25_playerDetails_perid,props_pageProps_match_team1_playerHistories_25_playerPerid,props_pageProps_match_team1_playerHistories_25_role,props_pageProps_match_team1_playerHistories_25_tournamentUrn,props_pageProps_match_team1_playerHistories_26___typename,props_pageProps_match_team1_playerHistories_26_playerDetails___typename,props_pageProps_match_team1_playerHistories_26_playerDetails_factorId,props_pageProps_match_team1_playerHistories_26_playerDetails_fullName,props_pageProps_match_team1_playerHistories_26_playerDetails_headshotUrl,props_pageProps_match_team1_playerHistories_26_playerDetails_name,props_pageProps_match_team1_playerHistories_26_playerDetails_perid,props_pageProps_match_team1_playerHistories_26_playerPerid,props_pageProps_match_team1_playerHistories_26_role,props_pageProps_match_team1_playerHistories_26_tournamentUrn,props_pageProps_match_team1_playerHistories_27___typename,props_pageProps_match_team1_playerHistories_27_playerDetails___typename,props_pageProps_match_team1_playerHistories_27_playerDetails_factorId,props_pageProps_match_team1_playerHistories_27_playerDetails_fullName,props_pageProps_match_team1_playerHistories_27_playerDetails_headshotUrl,props_pageProps_match_team1_playerHistories_27_playerDetails_name,props_pageProps_match_team1_playerHistories_27_playerDetails_perid,props_pageProps_match_team1_playerHistories_27_playerPerid,props_pageProps_match_team1_playerHistories_27_role,props_pageProps_match_team1_playerHistories_27_tournamentUrn,props_pageProps_match_team1_playerHistories_28___typename,props_pageProps_match_team1_playerHistories_28_playerDetails___typename,props_pageProps_match_team1_playerHistories_28_playerDetails_factorId,props_pageProps_match_team1_playerHistories_28_playerDetails_fullName,props_pageProps_match_team1_playerHistories_28_playerDetails_headshotUrl,props_pageProps_match_team1_playerHistories_28_playerDetails_name,props_pageProps_match_team1_playerHistories_28_playerDetails_perid,props_pageProps_match_team1_playerHistories_28_playerPerid,props_pageProps_match_team1_playerHistories_28_role,props_pageProps_match_team1_playerHistories_28_tournamentUrn,props_pageProps_match_team1_playerHistories_29___typename,props_pageProps_match_team1_playerHistories_29_playerDetails___typename,props_pageProps_match_team1_playerHistories_29_playerDetails_factorId,props_pageProps_match_team1_playerHistories_29_playerDetails_fullName,props_pageProps_match_team1_playerHistories_29_playerDetails_headshotUrl,props_pageProps_match_team1_playerHistories_29_playerDetails_name,props_pageProps_match_team1_playerHistories_29_playerDetails_perid,props_pageProps_match_team1_playerHistories_29_playerPerid,props_pageProps_match_team1_playerHistories_29_role,props_pageProps_match_team1_playerHistories_29_tournamentUrn,props_pageProps_match_team1_playerHistories_30___typename,props_pageProps_match_team1_playerHistories_30_playerDetails___typename,props_pageProps_match_team1_playerHistories_30_playerDetails_factorId,props_pageProps_match_team1_playerHistories_30_playerDetails_fullName,props_pageProps_match_team1_playerHistories_30_playerDetails_headshotUrl,props_pageProps_match_team1_playerHistories_30_playerDetails_name,props_pageProps_match_team1_playerHistories_30_playerDetails_perid,props_pageProps_match_team1_playerHistories_30_playerPerid,props_pageProps_match_team1_playerHistories_30_role,props_pageProps_match_team1_playerHistories_30_tournamentUrn,props_pageProps_match_team1_playerHistories_31___typename,props_pageProps_match_team1_playerHistories_31_playerDetails___typename,props_pageProps_match_team1_playerHistories_31_playerDetails_factorId,props_pageProps_match_team1_playerHistories_31_playerDetails_fullName,props_pageProps_match_team1_playerHistories_31_playerDetails_headshotUrl,props_pageProps_match_team1_playerHistories_31_playerDetails_name,props_pageProps_match_team1_playerHistories_31_playerDetails_perid,props_pageProps_match_team1_playerHistories_31_playerPerid,props_pageProps_match_team1_playerHistories_31_role,props_pageProps_match_team1_playerHistories_31_tournamentUrn,props_pageProps_match_team1_playerHistories_32___typename,props_pageProps_match_team1_playerHistories_32_playerDetails___typename,props_pageProps_match_team1_playerHistories_32_playerDetails_factorId,props_pageProps_match_team1_playerHistories_32_playerDetails_fullName,props_pageProps_match_team1_playerHistories_32_playerDetails_headshotUrl,props_pageProps_match_team1_playerHistories_32_playerDetails_name,props_pageProps_match_team1_playerHistories_32_playerDetails_perid,props_pageProps_match_team1_playerHistories_32_playerPerid,props_pageProps_match_team1_playerHistories_32_role,props_pageProps_match_team1_playerHistories_32_tournamentUrn,props_pageProps_match_team1_playerHistories_33___typename,props_pageProps_match_team1_playerHistories_33_playerDetails___typename,props_pageProps_match_team1_playerHistories_33_playerDetails_factorId,props_pageProps_match_team1_playerHistories_33_playerDetails_fullName,props_pageProps_match_team1_playerHistories_33_playerDetails_headshotUrl,props_pageProps_match_team1_playerHistories_33_playerDetails_name,props_pageProps_match_team1_playerHistories_33_playerDetails_perid,props_pageProps_match_team1_playerHistories_33_playerPerid,props_pageProps_match_team1_playerHistories_33_role,props_pageProps_match_team1_playerHistories_33_tournamentUrn,props_pageProps_match_team1_playerHistories_34___typename,props_pageProps_match_team1_playerHistories_34_playerDetails___typename,props_pageProps_match_team1_playerHistories_34_playerDetails_factorId,props_pageProps_match_team1_playerHistories_34_playerDetails_fullName,props_pageProps_match_team1_playerHistories_34_playerDetails_headshotUrl,props_pageProps_match_team1_playerHistories_34_playerDetails_name,props_pageProps_match_team1_playerHistories_34_playerDetails_perid,props_pageProps_match_team1_playerHistories_34_playerPerid,props_pageProps_match_team1_playerHistories_34_role,props_pageProps_match_team1_playerHistories_34_tournamentUrn,props_pageProps_match_team1_playerHistories_35___typename,props_pageProps_match_team1_playerHistories_35_playerDetails___typename,props_pageProps_match_team1_playerHistories_35_playerDetails_factorId,props_pageProps_match_team1_playerHistories_35_playerDetails_fullName,props_pageProps_match_team1_playerHistories_35_playerDetails_headshotUrl,props_pageProps_match_team1_playerHistories_35_playerDetails_name,props_pageProps_match_team1_playerHistories_35_playerDetails_perid,props_pageProps_match_team1_playerHistories_35_playerPerid,props_pageProps_match_team1_playerHistories_35_role,props_pageProps_match_team1_playerHistories_35_tournamentUrn,props_pageProps_match_team1_playerHistories_36___typename,props_pageProps_match_team1_playerHistories_36_playerDetails___typename,props_pageProps_match_team1_playerHistories_36_playerDetails_factorId,props_pageProps_match_team1_playerHistories_36_playerDetails_fullName,props_pageProps_match_team1_playerHistories_36_playerDetails_headshotUrl,props_pageProps_match_team1_playerHistories_36_playerDetails_name,props_pageProps_match_team1_playerHistories_36_playerDetails_perid,props_pageProps_match_team1_playerHistories_36_playerPerid,props_pageProps_match_team1_playerHistories_36_role,props_pageProps_match_team1_playerHistories_36_tournamentUrn,props_pageProps_match_team1_playerHistories_37___typename,props_pageProps_match_team1_playerHistories_37_playerDetails___typename,props_pageProps_match_team1_playerHistories_37_playerDetails_factorId,props_pageProps_match_team1_playerHistories_37_playerDetails_fullName,props_pageProps_match_team1_playerHistories_37_playerDetails_headshotUrl,props_pageProps_match_team1_playerHistories_37_playerDetails_name,props_pageProps_match_team1_playerHistories_37_playerDetails_perid,props_pageProps_match_team1_playerHistories_37_playerPerid,props_pageProps_match_team1_playerHistories_37_role,props_pageProps_match_team1_playerHistories_37_tournamentUrn,props_pageProps_match_team1_playerHistories_38___typename,props_pageProps_match_team1_playerHistories_38_playerDetails___typename,props_pageProps_match_team1_playerHistories_38_playerDetails_factorId,props_pageProps_match_team1_playerHistories_38_playerDetails_fullName,props_pageProps_match_team1_playerHistories_38_playerDetails_headshotUrl,props_pageProps_match_team1_playerHistories_38_playerDetails_name,props_pageProps_match_team1_playerHistories_38_playerDetails_perid,props_pageProps_match_team1_playerHistories_38_playerPerid,props_pageProps_match_team1_playerHistories_38_role,props_pageProps_match_team1_playerHistories_38_tournamentUrn,props_pageProps_match_team1_playerHistories_39___typename,props_pageProps_match_team1_playerHistories_39_playerDetails,props_pageProps_match_team1_playerHistories_39_playerPerid,props_pageProps_match_team1_playerHistories_39_role,props_pageProps_match_team1_playerHistories_39_tournamentUrn,props_pageProps_match_team1_playerHistories_40___typename,props_pageProps_match_team1_playerHistories_40_playerDetails,props_pageProps_match_team1_playerHistories_40_playerPerid,props_pageProps_match_team1_playerHistories_40_role,props_pageProps_match_team1_playerHistories_40_tournamentUrn,props_pageProps_match_team1_playerHistories_41___typename,props_pageProps_match_team1_playerHistories_41_playerDetails___typename,props_pageProps_match_team1_playerHistories_41_playerDetails_factorId,props_pageProps_match_team1_playerHistories_41_playerDetails_fullName,props_pageProps_match_team1_playerHistories_41_playerDetails_headshotUrl,props_pageProps_match_team1_playerHistories_41_playerDetails_name,props_pageProps_match_team1_playerHistories_41_playerDetails_perid,props_pageProps_match_team1_playerHistories_41_playerPerid,props_pageProps_match_team1_playerHistories_41_role,props_pageProps_match_team1_playerHistories_41_tournamentUrn,props_pageProps_match_team1_playerHistories_42___typename,props_pageProps_match_team1_playerHistories_42_playerDetails,props_pageProps_match_team1_playerHistories_42_playerPerid,props_pageProps_match_team1_playerHistories_42_role,props_pageProps_match_team1_playerHistories_42_tournamentUrn,props_pageProps_match_team1_playerHistories_43___typename,props_pageProps_match_team1_playerHistories_43_playerDetails,props_pageProps_match_team1_playerHistories_43_playerPerid,props_pageProps_match_team1_playerHistories_43_role,props_pageProps_match_team1_playerHistories_43_tournamentUrn,props_pageProps_match_team1_playerHistories_44___typename,props_pageProps_match_team1_playerHistories_44_playerDetails___typename,props_pageProps_match_team1_playerHistories_44_playerDetails_factorId,props_pageProps_match_team1_playerHistories_44_playerDetails_fullName,props_pageProps_match_team1_playerHistories_44_playerDetails_headshotUrl,props_pageProps_match_team1_playerHistories_44_playerDetails_name,props_pageProps_match_team1_playerHistories_44_playerDetails_perid,props_pageProps_match_team1_playerHistories_44_playerPerid,props_pageProps_match_team1_playerHistories_44_role,props_pageProps_match_team1_playerHistories_44_tournamentUrn,props_pageProps_match_team1_playerHistories_45___typename,props_pageProps_match_team1_playerHistories_45_playerDetails___typename,props_pageProps_match_team1_playerHistories_45_playerDetails_factorId,props_pageProps_match_team1_playerHistories_45_playerDetails_fullName,props_pageProps_match_team1_playerHistories_45_playerDetails_headshotUrl,props_pageProps_match_team1_playerHistories_45_playerDetails_name,props_pageProps_match_team1_playerHistories_45_playerDetails_perid,props_pageProps_match_team1_playerHistories_45_playerPerid,props_pageProps_match_team1_playerHistories_45_role,props_pageProps_match_team1_playerHistories_45_tournamentUrn,props_pageProps_match_team1_powrRanking___typename,props_pageProps_match_team1_powrRanking_gameRecord,props_pageProps_match_team1_powrRanking_gamesPlayed,props_pageProps_match_team1_powrRanking_prevRanking,props_pageProps_match_team1_powrRanking_rank,props_pageProps_match_team1_powrRanking_ranking,props_pageProps_match_team1_powrRanking_team,props_pageProps_match_team1_powrRanking_teamPerid,props_pageProps_match_team1_roster_0___typename,props_pageProps_match_team1_roster_0_playerDetails___typename,props_pageProps_match_team1_roster_0_playerDetails_factorId,props_pageProps_match_team1_roster_0_playerDetails_fullName,props_pageProps_match_team1_roster_0_playerDetails_headshotUrl,props_pageProps_match_team1_roster_0_playerDetails_name,props_pageProps_match_team1_roster_0_playerDetails_perid,props_pageProps_match_team1_roster_0_playerName,props_pageProps_match_team1_roster_0_playerPerid,props_pageProps_match_team1_roster_0_role,props_pageProps_match_team1_teamLogo___typename,props_pageProps_match_team1_teamLogo_darkFlip,props_pageProps_match_team1_teamLogo_darkShadow,props_pageProps_match_team1_teamLogo_logoUrl,props_pageProps_match_team1_teamUrn,props_pageProps_match_team1_tournaments_0___typename,props_pageProps_match_team1_tournaments_0_series___typename,props_pageProps_match_team1_tournaments_0_series_seriesName,props_pageProps_match_team1_tournaments_0_series_seriesUrn,props_pageProps_match_team1_tournaments_0_tournamentUrn,props_pageProps_match_team1_tournaments_1___typename,props_pageProps_match_team1_tournaments_1_series___typename,props_pageProps_match_team1_tournaments_1_series_seriesName,props_pageProps_match_team1_tournaments_1_series_seriesUrn,props_pageProps_match_team1_tournaments_1_tournamentUrn,props_pageProps_match_team1_tournaments_2___typename,props_pageProps_match_team1_tournaments_2_series___typename,props_pageProps_match_team1_tournaments_2_series_seriesName,props_pageProps_match_team1_tournaments_2_series_seriesUrn,props_pageProps_match_team1_tournaments_2_tournamentUrn,props_pageProps_match_team2___typename,props_pageProps_match_team2_abbreviation,props_pageProps_match_team2_factorId,props_pageProps_match_team2_fullName,props_pageProps_match_team2_playerHistories_0___typename,props_pageProps_match_team2_playerHistories_0_playerDetails___typename,props_pageProps_match_team2_playerHistories_0_playerDetails_factorId,props_pageProps_match_team2_playerHistories_0_playerDetails_fullName,props_pageProps_match_team2_playerHistories_0_playerDetails_headshotUrl,props_pageProps_match_team2_playerHistories_0_playerDetails_name,props_pageProps_match_team2_playerHistories_0_playerDetails_perid,props_pageProps_match_team2_playerHistories_0_playerPerid,props_pageProps_match_team2_playerHistories_0_role,props_pageProps_match_team2_playerHistories_0_tournamentUrn,props_pageProps_match_team2_playerHistories_1___typename,props_pageProps_match_team2_playerHistories_1_playerDetails___typename,props_pageProps_match_team2_playerHistories_1_playerDetails_factorId,props_pageProps_match_team2_playerHistories_1_playerDetails_fullName,props_pageProps_match_team2_playerHistories_1_playerDetails_headshotUrl,props_pageProps_match_team2_playerHistories_1_playerDetails_name,props_pageProps_match_team2_playerHistories_1_playerDetails_perid,props_pageProps_match_team2_playerHistories_1_playerPerid,props_pageProps_match_team2_playerHistories_1_role,props_pageProps_match_team2_playerHistories_1_tournamentUrn,props_pageProps_match_team2_playerHistories_2___typename,props_pageProps_match_team2_playerHistories_2_playerDetails___typename,props_pageProps_match_team2_playerHistories_2_playerDetails_factorId,props_pageProps_match_team2_playerHistories_2_playerDetails_fullName,props_pageProps_match_team2_playerHistories_2_playerDetails_headshotUrl,props_pageProps_match_team2_playerHistories_2_playerDetails_name,props_pageProps_match_team2_playerHistories_2_playerDetails_perid,props_pageProps_match_team2_playerHistories_2_playerPerid,props_pageProps_match_team2_playerHistories_2_role,props_pageProps_match_team2_playerHistories_2_tournamentUrn,props_pageProps_match_team2_playerHistories_3___typename,props_pageProps_match_team2_playerHistories_3_playerDetails___typename,props_pageProps_match_team2_playerHistories_3_playerDetails_factorId,props_pageProps_match_team2_playerHistories_3_playerDetails_fullName,props_pageProps_match_team2_playerHistories_3_playerDetails_headshotUrl,props_pageProps_match_team2_playerHistories_3_playerDetails_name,props_pageProps_match_team2_playerHistories_3_playerDetails_perid,props_pageProps_match_team2_playerHistories_3_playerPerid,props_pageProps_match_team2_playerHistories_3_role,props_pageProps_match_team2_playerHistories_3_tournamentUrn,props_pageProps_match_team2_playerHistories_4___typename,props_pageProps_match_team2_playerHistories_4_playerDetails___typename,props_pageProps_match_team2_playerHistories_4_playerDetails_factorId,props_pageProps_match_team2_playerHistories_4_playerDetails_fullName,props_pageProps_match_team2_playerHistories_4_playerDetails_headshotUrl,props_pageProps_match_team2_playerHistories_4_playerDetails_name,props_pageProps_match_team2_playerHistories_4_playerDetails_perid,props_pageProps_match_team2_playerHistories_4_playerPerid,props_pageProps_match_team2_playerHistories_4_role,props_pageProps_match_team2_playerHistories_4_tournamentUrn,props_pageProps_match_team2_playerHistories_5___typename,props_pageProps_match_team2_playerHistories_5_playerDetails___typename,props_pageProps_match_team2_playerHistories_5_playerDetails_factorId,props_pageProps_match_team2_playerHistories_5_playerDetails_fullName,props_pageProps_match_team2_playerHistories_5_playerDetails_headshotUrl,props_pageProps_match_team2_playerHistories_5_playerDetails_name,props_pageProps_match_team2_playerHistories_5_playerDetails_perid,props_pageProps_match_team2_playerHistories_5_playerPerid,props_pageProps_match_team2_playerHistories_5_role,props_pageProps_match_team2_playerHistories_5_tournamentUrn,props_pageProps_match_team2_playerHistories_6___typename,props_pageProps_match_team2_playerHistories_6_playerDetails___typename,props_pageProps_match_team2_playerHistories_6_playerDetails_factorId,props_pageProps_match_team2_playerHistories_6_playerDetails_fullName,props_pageProps_match_team2_playerHistories_6_playerDetails_headshotUrl,props_pageProps_match_team2_playerHistories_6_playerDetails_name,props_pageProps_match_team2_playerHistories_6_playerDetails_perid,props_pageProps_match_team2_playerHistories_6_playerPerid,props_pageProps_match_team2_playerHistories_6_role,props_pageProps_match_team2_playerHistories_6_tournamentUrn,props_pageProps_match_team2_playerHistories_7___typename,props_pageProps_match_team2_playerHistories_7_playerDetails___typename,props_pageProps_match_team2_playerHistories_7_playerDetails_factorId,props_pageProps_match_team2_playerHistories_7_playerDetails_fullName,props_pageProps_match_team2_playerHistories_7_playerDetails_headshotUrl,props_pageProps_match_team2_playerHistories_7_playerDetails_name,props_pageProps_match_team2_playerHistories_7_playerDetails_perid,props_pageProps_match_team2_playerHistories_7_playerPerid,props_pageProps_match_team2_playerHistories_7_role,props_pageProps_match_team2_playerHistories_7_tournamentUrn,props_pageProps_match_team2_playerHistories_8___typename,props_pageProps_match_team2_playerHistories_8_playerDetails___typename,props_pageProps_match_team2_playerHistories_8_playerDetails_factorId,props_pageProps_match_team2_playerHistories_8_playerDetails_fullName,props_pageProps_match_team2_playerHistories_8_playerDetails_headshotUrl,props_pageProps_match_team2_playerHistories_8_playerDetails_name,props_pageProps_match_team2_playerHistories_8_playerDetails_perid,props_pageProps_match_team2_playerHistories_8_playerPerid,props_pageProps_match_team2_playerHistories_8_role,props_pageProps_match_team2_playerHistories_8_tournamentUrn,props_pageProps_match_team2_playerHistories_9___typename,props_pageProps_match_team2_playerHistories_9_playerDetails___typename,props_pageProps_match_team2_playerHistories_9_playerDetails_factorId,props_pageProps_match_team2_playerHistories_9_playerDetails_fullName,props_pageProps_match_team2_playerHistories_9_playerDetails_headshotUrl,props_pageProps_match_team2_playerHistories_9_playerDetails_name,props_pageProps_match_team2_playerHistories_9_playerDetails_perid,props_pageProps_match_team2_playerHistories_9_playerPerid,props_pageProps_match_team2_playerHistories_9_role,props_pageProps_match_team2_playerHistories_9_tournamentUrn,props_pageProps_match_team2_playerHistories_10___typename,props_pageProps_match_team2_playerHistories_10_playerDetails___typename,props_pageProps_match_team2_playerHistories_10_playerDetails_factorId,props_pageProps_match_team2_playerHistories_10_playerDetails_fullName,props_pageProps_match_team2_playerHistories_10_playerDetails_headshotUrl,props_pageProps_match_team2_playerHistories_10_playerDetails_name,props_pageProps_match_team2_playerHistories_10_playerDetails_perid,props_pageProps_match_team2_playerHistories_10_playerPerid,props_pageProps_match_team2_playerHistories_10_role,props_pageProps_match_team2_playerHistories_10_tournamentUrn,props_pageProps_match_team2_playerHistories_11___typename,props_pageProps_match_team2_playerHistories_11_playerDetails___typename,props_pageProps_match_team2_playerHistories_11_playerDetails_factorId,props_pageProps_match_team2_playerHistories_11_playerDetails_fullName,props_pageProps_match_team2_playerHistories_11_playerDetails_headshotUrl,props_pageProps_match_team2_playerHistories_11_playerDetails_name,props_pageProps_match_team2_playerHistories_11_playerDetails_perid,props_pageProps_match_team2_playerHistories_11_playerPerid,props_pageProps_match_team2_playerHistories_11_role,props_pageProps_match_team2_playerHistories_11_tournamentUrn,props_pageProps_match_team2_playerHistories_12___typename,props_pageProps_match_team2_playerHistories_12_playerDetails___typename,props_pageProps_match_team2_playerHistories_12_playerDetails_factorId,props_pageProps_match_team2_playerHistories_12_playerDetails_fullName,props_pageProps_match_team2_playerHistories_12_playerDetails_headshotUrl,props_pageProps_match_team2_playerHistories_12_playerDetails_name,props_pageProps_match_team2_playerHistories_12_playerDetails_perid,props_pageProps_match_team2_playerHistories_12_playerPerid,props_pageProps_match_team2_playerHistories_12_role,props_pageProps_match_team2_playerHistories_12_tournamentUrn,props_pageProps_match_team2_playerHistories_13___typename,props_pageProps_match_team2_playerHistories_13_playerDetails___typename,props_pageProps_match_team2_playerHistories_13_playerDetails_factorId,props_pageProps_match_team2_playerHistories_13_playerDetails_fullName,props_pageProps_match_team2_playerHistories_13_playerDetails_headshotUrl,props_pageProps_match_team2_playerHistories_13_playerDetails_name,props_pageProps_match_team2_playerHistories_13_playerDetails_perid,props_pageProps_match_team2_playerHistories_13_playerPerid,props_pageProps_match_team2_playerHistories_13_role,props_pageProps_match_team2_playerHistories_13_tournamentUrn,props_pageProps_match_team2_playerHistories_14___typename,props_pageProps_match_team2_playerHistories_14_playerDetails___typename,props_pageProps_match_team2_playerHistories_14_playerDetails_factorId,props_pageProps_match_team2_playerHistories_14_playerDetails_fullName,props_pageProps_match_team2_playerHistories_14_playerDetails_headshotUrl,props_pageProps_match_team2_playerHistories_14_playerDetails_name,props_pageProps_match_team2_playerHistories_14_playerDetails_perid,props_pageProps_match_team2_playerHistories_14_playerPerid,props_pageProps_match_team2_playerHistories_14_role,props_pageProps_match_team2_playerHistories_14_tournamentUrn,props_pageProps_match_team2_playerHistories_15___typename,props_pageProps_match_team2_playerHistories_15_playerDetails___typename,props_pageProps_match_team2_playerHistories_15_playerDetails_factorId,props_pageProps_match_team2_playerHistories_15_playerDetails_fullName,props_pageProps_match_team2_playerHistories_15_playerDetails_headshotUrl,props_pageProps_match_team2_playerHistories_15_playerDetails_name,props_pageProps_match_team2_playerHistories_15_playerDetails_perid,props_pageProps_match_team2_playerHistories_15_playerPerid,props_pageProps_match_team2_playerHistories_15_role,props_pageProps_match_team2_playerHistories_15_tournamentUrn,props_pageProps_match_team2_playerHistories_16___typename,props_pageProps_match_team2_playerHistories_16_playerDetails___typename,props_pageProps_match_team2_playerHistories_16_playerDetails_factorId,props_pageProps_match_team2_playerHistories_16_playerDetails_fullName,props_pageProps_match_team2_playerHistories_16_playerDetails_headshotUrl,props_pageProps_match_team2_playerHistories_16_playerDetails_name,props_pageProps_match_team2_playerHistories_16_playerDetails_perid,props_pageProps_match_team2_playerHistories_16_playerPerid,props_pageProps_match_team2_playerHistories_16_role,props_pageProps_match_team2_playerHistories_16_tournamentUrn,props_pageProps_match_team2_powrRanking___typename,props_pageProps_match_team2_powrRanking_gameRecord,props_pageProps_match_team2_powrRanking_gamesPlayed,props_pageProps_match_team2_powrRanking_prevRanking,props_pageProps_match_team2_powrRanking_rank,props_pageProps_match_team2_powrRanking_ranking,props_pageProps_match_team2_powrRanking_team,props_pageProps_match_team2_powrRanking_teamPerid,props_pageProps_match_team2_teamLogo___typename,props_pageProps_match_team2_teamLogo_darkFlip,props_pageProps_match_team2_teamLogo_darkShadow,props_pageProps_match_team2_teamLogo_logoUrl,props_pageProps_match_team2_teamUrn,props_pageProps_match_team2_tournaments_0___typename,props_pageProps_match_team2_tournaments_0_series___typename,props_pageProps_match_team2_tournaments_0_series_seriesName,props_pageProps_match_team2_tournaments_0_series_seriesUrn,props_pageProps_match_team2_tournaments_0_tournamentUrn,props_pageProps_match_team2_tournaments_1___typename,props_pageProps_match_team2_tournaments_1_series___typename,props_pageProps_match_team2_tournaments_1_series_seriesName,props_pageProps_match_team2_tournaments_1_series_seriesUrn,props_pageProps_match_team2_tournaments_1_tournamentUrn,props_pageProps_match_team2_tournaments_2___typename,props_pageProps_match_team2_tournaments_2_series___typename,props_pageProps_match_team2_tournaments_2_series_seriesName,props_pageProps_match_team2_tournaments_2_series_seriesUrn,props_pageProps_match_team2_tournaments_2_tournamentUrn,query_slug_0,query_slug_1,query_slug_2,query_slug_3,runtimeConfig_nextPlausiblePublicProxyOptions_trailingSlash
0,gJxnDBoJoSVyYPu1jprdv,88147,98925,43290,79535,72475,True,False,/match/[...slug],True,False,Match,304742,GameSummary,Zoe,Ornn,Ahri,Leblanc,Syndra,MonkeyKing,Xayah,Renata,Azir,Gangplank,33.82595,ComputedGameGold,115,0,esports:team:d92db726-7c59-49f4-9258-5d92b04a98c3,2500,esports:team:235bef8f-9433-49c1-b89a-8d2e36cb62ac,2500,ComputedGameGold,3813,0,esports:team:d92db726-7c59-49f4-9258-5d92b04a98c3,2500,esports:team:235bef8f-9433-49c1-b89a-8d2e36cb62ac,2500,ComputedGameGold,15402,0,esports:team:d92db726-7c59-49f4-9258-5d92b04a98c3,2500,esports:team:235bef8f-9433-49c1-b89a-8d2e36cb62ac,2500,ComputedGameGold,35016,0,esports:team:d92db726-7c59-49f4-9258-5d92b04a98c3,2500,esports:team:235bef8f-9433-49c1-b89a-8d2e36cb62ac,2500,ComputedGameGold,55029,0,esports:team:d92db726-7c59-49f4-9258-5d92b04a98c3,2500,esports:team:235bef8f-9433-49c1-b89a-8d2e36cb62ac,2500,ComputedGameGold,77002,0,esports:team:d92db726-7c59-49f4-9258-5d92b04a98c3,2500,esports:team:235bef8f-9433-49c1-b89a-8d2e36cb62ac,2500,ComputedGameGold,99003,42,esports:team:d92db726-7c59-49f4-9258-5d92b04a98c3,2542,esports:team:235bef8f-9433-49c1-b89a-8d2e36cb62ac,2500,ComputedGameGold,115000,85,esports:team:d92db726-7c59-49f4-9258-5d92b04a98c3,2883,esports:team:235bef8f-9433-49c1-b89a-8d2e36cb62ac,2798,ComputedGameGold,134006,30,esports:team:d92db726-7c59-49f4-9258-5d92b04a98c3,3392,esports:team:235bef8f-9433-49c1-b89a-8d2e36cb62ac,3362,ComputedGameGold,149604,130,esports:team:d92db726-7c59-49f4-9258-5d92b04a98c3,3734,esports:team:235bef8f-9433-49c1-b89a-8d2e36cb62ac,3604,ComputedGameGold,161007,49,esports:team:d92db726-7c59-49f4-9258-5d92b04a98c3,3975,esports:team:235bef8f-9433-49c1-b89a-8d2e36cb62ac,3926,ComputedGameGold,176016,155,esports:team:d92db726-7c59-49f4-9258-5d92b04a98c3,4526,esports:team:235bef8f-9433-49c1-b89a-8d2e36cb62ac,4371,ComputedGameGold,194011,153,esports:team:d92db726-7c59-49f4-9258-5d92b04a98c3,5103,esports:team:235bef8f-9433-49c1-b89a-8d2e36cb62ac,4950,ComputedGameGold,208026,247,esports:team:d92db726-7c59-49f4-9258-5d92b04a98c3,5515,esports:team:235bef8f-9433-49c1-b89a-8d2e36cb62ac,5268,ComputedGameGold,222164,90,esports:team:d92db726-7c59-49f4-9258-5d92b04a98c3,5750,esports:team:235bef8f-9433-49c1-b89a-8d2e36cb62ac,5660,ComputedGameGold,240006,144,esports:team:d92db726-7c59-49f4-9258-5d92b04a98c3,6204,esports:team:235bef8f-9433-49c1-b89a-8d2e36cb62ac,6060,ComputedGameGold,258183,53,esports:team:d92db726-7c59-49f4-9258-5d92b04a98c3,6549,esports:team:235bef8f-9433-49c1-b89a-8d2e36cb62ac,6496,ComputedGameGold,272031,1,esports:team:d92db726-7c59-49f4-9258-5d92b04a98c3,6941,esports:team:235bef8f-9433-49c1-b89a-8d2e36cb62ac,6940,ComputedGameGold,286112,42,esports:team:d92db726-7c59-49f4-9258-5d92b04a98c3,7292,esports:team:235bef8f-9433-49c1-b89a-8d2e36cb62ac,7250,ComputedGameGold,301014,121,esports:team:d92db726-7c59-49f4-9258-5d92b04a98c3,7713,esports:team:235bef8f-9433-49c1-b89a-8d2e36cb62ac,7592,ComputedGameGold,318002,217,esports:team:d92db726-7c59-49f4-9258-5d92b04a98c3,8147,esports:team:235bef8f-9433-49c1-b89a-8d2e36cb62ac,7930,ComputedGameGold,336011,286,esports:team:d92db726-7c59-49f4-9258-5d92b04a98c3,8579,esports:team:235bef8f-9433-49c1-b89a-8d2e36cb62ac,8293,ComputedGameGold,348014,327,esports:team:d92db726-7c59-49f4-9258-5d92b04a98c3,8814,esports:team:235bef8f-9433-49c1-b89a-8d2e36cb62ac,8487,ComputedGameGold,365018,103,esports:team:d92db726-7c59-49f4-9258-5d92b04a98c3,9189,esports:team:235bef8f-9433-49c1-b89a-8d2e36cb62ac,9086,ComputedGameGold,381015,163,esports:team:d92db726-7c59-49f4-9258-5d92b04a98c3,9681,esports:team:235bef8f-9433-49c1-b89a-8d2e36cb62ac,9518,ComputedGameGold,391554,114,esports:team:d92db726-7c59-49f4-9258-5d92b04a98c3,9985,esports:team:235bef8f-9433-49c1-b89a-8d2e36cb62ac,9871,ComputedGameGold,404498,328,esports:team:d92db726-7c59-49f4-9258-5d92b04a98c3,10367,esports:team:235bef8f-9433-49c1-b89a-8d2e36cb62ac,10039,ComputedGameGold,424017,379,esports:team:d92db726-7c59-49f4-9258-5d92b04a98c3,10786,esports:team:235bef8f-9433-49c1-b89a-8d2e36cb62ac,10407,ComputedGameGold,441213,410,esports:team:d92db726-7c59-49f4-9258-5d92b04a98c3,11257,esports:team:235bef8f-9433-49c1-b89a-8d2e36cb62ac,10847,ComputedGameGold,458008,623,esports:team:d92db726-7c59-49f4-9258-5d92b04a98c3,11814,esports:team:235bef8f-9433-49c1-b89a-8d2e36cb62ac,11191,ComputedGameGold,473671,577,esports:team:d92db726-7c59-49f4-9258-5d92b04a98c3,12098,esports:team:235bef8f-9433-49c1-b89a-8d2e36cb62ac,11521,ComputedGameGold,491024,462,esports:team:d92db726-7c59-49f4-9258-5d92b04a98c3,12442,esports:team:235bef8f-9433-49c1-b89a-8d2e36cb62ac,11980,ComputedGameGold,508408,379,esports:team:d92db726-7c59-49f4-9258-5d92b04a98c3,12794,esports:team:235bef8f-9433-49c1-b89a-8d2e36cb62ac,12415,ComputedGameGold,524657,423,esports:team:d92db726-7c59-49f4-9258-5d92b04a98c3,13125,esports:team:235bef8f-9433-49c1-b89a-8d2e36cb62ac,12702,ComputedGameGold,536655,418,esports:team:d92db726-7c59-49f4-9258-5d92b04a98c3,13467,esports:team:235bef8f-9433-49c1-b89a-8d2e36cb62ac,13049,ComputedGameGold,553015,741,esports:team:d92db726-7c59-49f4-9258-5d92b04a98c3,14122,esports:team:235bef8f-9433-49c1-b89a-8d2e36cb62ac,13381,ComputedGameGold,566695,736,esports:team:d92db726-7c59-49f4-9258-5d92b04a98c3,14396,esports:team:235bef8f-9433-49c1-b89a-8d2e36cb62ac,13660,ComputedGameGold,581031,647,esports:team:d92db726-7c59-49f4-9258-5d92b04a98c3,14613,esports:team:235bef8f-9433-49c1-b89a-8d2e36cb62ac,13966,ComputedGameGold,599833,654,esports:team:d92db726-7c59-49f4-9258-5d92b04a98c3,15031,esports:team:235bef8f-9433-49c1-b89a-8d2e36cb62ac,14377,ComputedGameGold,619491,786,esports:team:d92db726-7c59-49f4-9258-5d92b04a98c3,15712,esports:team:235bef8f-9433-49c1-b89a-8d2e36cb62ac,14926,ComputedGameGold,636009,908,esports:team:d92db726-7c59-49f4-9258-5d92b04a98c3,16354,esports:team:235bef8f-9433-49c1-b89a-8d2e36cb62ac,15446,ComputedGameGold,648032,979,esports:team:d92db726-7c59-49f4-9258-5d92b04a98c3,16759,esports:team:235bef8f-9433-49c1-b89a-8d2e36cb62ac,15780,ComputedGameGold,666006,1145,esports:team:d92db726-7c59-49f4-9258-5d92b04a98c3,17220,esports:team:235bef8f-9433-49c1-b89a-8d2e36cb62ac,16075,ComputedGameGold,686035,978,esports:team:d92db726-7c59-49f4-9258-5d92b04a98c3,17585,esports:team:235bef8f-9433-49c1-b89a-8d2e36cb62ac,16607,ComputedGameGold,704026,1212,esports:team:d92db726-7c59-49f4-9258-5d92b04a98c3,18224,esports:team:235bef8f-9433-49c1-b89a-8d2e36cb62ac,17012,ComputedGameGold,720410,1067,esports:team:d92db726-7c59-49f4-9258-5d92b04a98c3,18780,esports:team:235bef8f-9433-49c1-b89a-8d2e36cb62ac,17713,ComputedGameGold,736007,1349,esports:team:d92db726-7c59-49f4-9258-5d92b04a98c3,19505,esports:team:235bef8f-9433-49c1-b89a-8d2e36cb62ac,18156,ComputedGameGold,750023,1255,esports:team:d92db726-7c59-49f4-9258-5d92b04a98c3,19765,esports:team:235bef8f-9433-49c1-b89a-8d2e36cb62ac,18510,ComputedGameGold,761024,1351,esports:team:d92db726-7c59-49f4-9258-5d92b04a98c3,20262,esports:team:235bef8f-9433-49c1-b89a-8d2e36cb62ac,18911,ComputedGameGold,776097,1344,esports:team:d92db726-7c59-49f4-9258-5d92b04a98c3,20585,esports:team:235bef8f-9433-49c1-b89a-8d2e36cb62ac,19241,ComputedGameGold,789007,1436,esports:team:d92db726-7c59-49f4-9258-5d92b04a98c3,20925,esports:team:235bef8f-9433-49c1-b89a-8d2e36cb62ac,19489,ComputedGameGold,803519,1857,esports:team:d92db726-7c59-49f4-9258-5d92b04a98c3,21677,esports:team:235bef8f-9433-49c1-b89a-8d2e36cb62ac,19820,ComputedGameGold,818291,1629,esports:team:d92db726-7c59-49f4-9258-5d92b04a98c3,22096,esports:team:235bef8f-9433-49c1-b89a-8d2e36cb62ac,20467,ComputedGameGold,830013,1628,esports:team:d92db726-7c59-49f4-9258-5d92b04a98c3,22487,esports:team:235bef8f-9433-49c1-b89a-8d2e36cb62ac,20859,ComputedGameGold,846565,1548,esports:team:d92db726-7c59-49f4-9258-5d92b04a98c3,22761,esports:team:235bef8f-9433-49c1-b89a-8d2e36cb62ac,21213,ComputedGameGold,858002,1509,esports:team:d92db726-7c59-49f4-9258-5d92b04a98c3,23110,esports:team:235bef8f-9433-49c1-b89a-8d2e36cb62ac,21601,ComputedGameGold,878593,1607,esports:team:d92db726-7c59-49f4-9258-5d92b04a98c3,23621,esports:team:235bef8f-9433-49c1-b89a-8d2e36cb62ac,22014,ComputedGameGold,896014,2452,esports:team:d92db726-7c59-49f4-9258-5d92b04a98c3,24774,esports:team:235bef8f-9433-49c1-b89a-8d2e36cb62ac,22322,ComputedGameGold,915014,2878,esports:team:d92db726-7c59-49f4-9258-5d92b04a98c3,25730,esports:team:235bef8f-9433-49c1-b89a-8d2e36cb62ac,22852,ComputedGameGold,929006,2875,esports:team:d92db726-7c59-49f4-9258-5d92b04a98c3,26056,esports:team:235bef8f-9433-49c1-b89a-8d2e36cb62ac,23181,ComputedGameGold,945004,2968,esports:team:d92db726-7c59-49f4-9258-5d92b04a98c3,26600,esports:team:235bef8f-9433-49c1-b89a-8d2e36cb62ac,23632,ComputedGameGold,959336,2620,esports:team:d92db726-7c59-49f4-9258-5d92b04a98c3,26924,esports:team:235bef8f-9433-49c1-b89a-8d2e36cb62ac,24304,ComputedGameGold,974007,2014,esports:team:d92db726-7c59-49f4-9258-5d92b04a98c3,27178,esports:team:235bef8f-9433-49c1-b89a-8d2e36cb62ac,25164,ComputedGameGold,988012,2070,esports:team:d92db726-7c59-49f4-9258-5d92b04a98c3,27620,esports:team:235bef8f-9433-49c1-b89a-8d2e36cb62ac,25550,ComputedGameGold,1004002,2130,esports:team:d92db726-7c59-49f4-9258-5d92b04a98c3,28093,esports:team:235bef8f-9433-49c1-b89a-8d2e36cb62ac,25963,ComputedGameGold,1009024,2142,esports:team:d92db726-7c59-49f4-9258-5d92b04a98c3,28284,esports:team:235bef8f-9433-49c1-b89a-8d2e36cb62ac,26142,ComputedGameGold,1019762,2431,esports:team:d92db726-7c59-49f4-9258-5d92b04a98c3,28679,esports:team:235bef8f-9433-49c1-b89a-8d2e36cb62ac,26248,ComputedGameGold,1037006,2620,esports:team:d92db726-7c59-49f4-9258-5d92b04a98c3,29173,esports:team:235bef8f-9433-49c1-b89a-8d2e36cb62ac,26553,ComputedGameGold,1055013,3116,esports:team:d92db726-7c59-49f4-9258-5d92b04a98c3,30097,esports:team:235bef8f-9433-49c1-b89a-8d2e36cb62ac,26981,ComputedGameGold,1069026,3465,esports:team:d92db726-7c59-49f4-9258-5d92b04a98c3,30802,esports:team:235bef8f-9433-49c1-b89a-8d2e36cb62ac,27337,ComputedGameGold,1085020,3151,esports:team:d92db726-7c59-49f4-9258-5d92b04a98c3,31170,esports:team:235bef8f-9433-49c1-b89a-8d2e36cb62ac,28019,ComputedGameGold,1098135,3017,esports:team:d92db726-7c59-49f4-9258-5d92b04a98c3,31400,esports:team:235bef8f-9433-49c1-b89a-8d2e36cb62ac,28383,ComputedGameGold,1115018,2791,esports:team:d92db726-7c59-49f4-9258-5d92b04a98c3,31643,esports:team:235bef8f-9433-49c1-b89a-8d2e36cb62ac,28852,ComputedGameGold,1133023,2986,esports:team:d92db726-7c59-49f4-9258-5d92b04a98c3,32423,esports:team:235bef8f-9433-49c1-b89a-8d2e36cb62ac,29437,ComputedGameGold,1152525,3070,esports:team:d92db726-7c59-49f4-9258-5d92b04a98c3,32729,esports:team:235bef8f-9433-49c1-b89a-8d2e36cb62ac,29659,ComputedGameGold,1165078,4540,esports:team:d92db726-7c59-49f4-9258-5d92b04a98c3,34337,esports:team:235bef8f-9433-49c1-b89a-8d2e36cb62ac,29797,ComputedGameGold,1175024,4849,esports:team:d92db726-7c59-49f4-9258-5d92b04a98c3,34844,esports:team:235bef8f-9433-49c1-b89a-8d2e36cb62ac,29995,ComputedGameGold,1189000,5438,esports:team:d92db726-7c59-49f4-9258-5d92b04a98c3,35742,esports:team:235bef8f-9433-49c1-b89a-8d2e36cb62ac,30304,ComputedGameGold,1200797,5523,esports:team:d92db726-7c59-49f4-9258-5d92b04a98c3,35955,esports:team:235bef8f-9433-49c1-b89a-8d2e36cb62ac,30432,ComputedGameGold,1218343,5542,esports:team:d92db726-7c59-49f4-9258-5d92b04a98c3,36257,esports:team:235bef8f-9433-49c1-b89a-8d2e36cb62ac,30715,ComputedGameGold,1234334,5574,esports:team:d92db726-7c59-49f4-9258-5d92b04a98c3,36613,esports:team:235bef8f-9433-49c1-b89a-8d2e36cb62ac,31039,ComputedGameGold,1251016,4464,esports:team:d92db726-7c59-49f4-9258-5d92b04a98c3,36799,esports:team:235bef8f-9433-49c1-b89a-8d2e36cb62ac,32335,ComputedGameGold,1265656,4464,esports:team:d92db726-7c59-49f4-9258-5d92b04a98c3,37052,esports:team:235bef8f-9433-49c1-b89a-8d2e36cb62ac,32588,ComputedGameGold,1282020,4533,esports:team:d92db726-7c59-49f4-9258-5d92b04a98c3,37328,esports:team:235bef8f-9433-49c1-b89a-8d2e36cb62ac,32795,ComputedGameGold,1296660,4476,esports:team:d92db726-7c59-49f4-9258-5d92b04a98c3,37998,esports:team:235bef8f-9433-49c1-b89a-8d2e36cb62ac,33522,ComputedGameGold,1312026,3527,esports:team:d92db726-7c59-49f4-9258-5d92b04a98c3,38196,esports:team:235bef8f-9433-49c1-b89a-8d2e36cb62ac,34669,ComputedGameGold,1327001,4678,esports:team:d92db726-7c59-49f4-9258-5d92b04a98c3,39878,esports:team:235bef8f-9433-49c1-b89a-8d2e36cb62ac,35200,ComputedGameGold,1341008,4806,esports:team:d92db726-7c59-49f4-9258-5d92b04a98c3,40375,esports:team:235bef8f-9433-49c1-b89a-8d2e36cb62ac,35569,ComputedGameGold,1355018,5119,esports:team:d92db726-7c59-49f4-9258-5d92b04a98c3,40946,esports:team:235bef8f-9433-49c1-b89a-8d2e36cb62ac,35827,ComputedGameGold,1369024,5121,esports:team:d92db726-7c59-49f4-9258-5d92b04a98c3,41487,esports:team:235bef8f-9433-49c1-b89a-8d2e36cb62ac,36366,ComputedGameGold,1386012,5154,esports:team:d92db726-7c59-49f4-9258-5d92b04a98c3,41946,esports:team:235bef8f-9433-49c1-b89a-8d2e36cb62ac,36792,ComputedGameGold,1401010,4878,esports:team:d92db726-7c59-49f4-9258-5d92b04a98c3,42164,esports:team:235bef8f-9433-49c1-b89a-8d2e36cb62ac,37286,ComputedGameGold,1417002,5734,esports:team:d92db726-7c59-49f4-9258-5d92b04a98c3,43760,esports:team:235bef8f-9433-49c1-b89a-8d2e36cb62ac,38026,ComputedGameGold,1436007,6755,esports:team:d92db726-7c59-49f4-9258-5d92b04a98c3,45030,esports:team:235bef8f-9433-49c1-b89a-8d2e36cb62ac,38275,ComputedGameGold,1453021,6706,esports:team:d92db726-7c59-49f4-9258-5d92b04a98c3,45400,esports:team:235bef8f-9433-49c1-b89a-8d2e36cb62ac,38694,ComputedGameGold,1467003,6719,esports:team:d92db726-7c59-49f4-9258-5d92b04a98c3,45722,esports:team:235bef8f-9433-49c1-b89a-8d2e36cb62ac,39003,ComputedGameGold,1476030,7442,esports:team:d92db726-7c59-49f4-9258-5d92b04a98c3,46617,esports:team:235bef8f-9433-49c1-b89a-8d2e36cb62ac,39175,ComputedGameGold,1491918,7005,esports:team:d92db726-7c59-49f4-9258-5d92b04a98c3,46926,esports:team:235bef8f-9433-49c1-b89a-8d2e36cb62ac,39921,ComputedGameGold,1506000,7136,esports:team:d92db726-7c59-49f4-9258-5d92b04a98c3,47518,esports:team:235bef8f-9433-49c1-b89a-8d2e36cb62ac,40382,ComputedGameGold,1518330,7340,esports:team:d92db726-7c59-49f4-9258-5d92b04a98c3,48036,esports:team:235bef8f-9433-49c1-b89a-8d2e36cb62ac,40696,ComputedGameGold,1532012,7890,esports:team:d92db726-7c59-49f4-9258-5d92b04a98c3,48852,esports:team:235bef8f-9433-49c1-b89a-8d2e36cb62ac,40962,ComputedGameGold,1548003,7863,esports:team:d92db726-7c59-49f4-9258-5d92b04a98c3,49177,esports:team:235bef8f-9433-49c1-b89a-8d2e36cb62ac,41314,ComputedGameGold,1567031,7747,esports:team:d92db726-7c59-49f4-9258-5d92b04a98c3,49615,esports:team:235bef8f-9433-49c1-b89a-8d2e36cb62ac,41868,ComputedGameGold,1584019,7958,esports:team:d92db726-7c59-49f4-9258-5d92b04a98c3,50034,esports:team:235bef8f-9433-49c1-b89a-8d2e36cb62ac,42076,ComputedGameGold,1598607,7697,esports:team:d92db726-7c59-49f4-9258-5d92b04a98c3,50227,esports:team:235bef8f-9433-49c1-b89a-8d2e36cb62ac,42530,ComputedGameGold,1616002,8150,esports:team:d92db726-7c59-49f4-9258-5d92b04a98c3,50873,esports:team:235bef8f-9433-49c1-b89a-8d2e36cb62ac,42723,ComputedGameGold,1631013,8549,esports:team:d92db726-7c59-49f4-9258-5d92b04a98c3,51501,esports:team:235bef8f-9433-49c1-b89a-8d2e36cb62ac,42952,ComputedGameGold,1649028,8754,esports:team:d92db726-7c59-49f4-9258-5d92b04a98c3,52089,esports:team:235bef8f-9433-49c1-b89a-8d2e36cb62ac,43335,ComputedGameGold,1667010,9188,esports:team:d92db726-7c59-49f4-9258-5d92b04a98c3,52784,esports:team:235bef8f-9433-49c1-b89a-8d2e36cb62ac,43596,ComputedGameGold,1684024,9676,esports:team:d92db726-7c59-49f4-9258-5d92b04a98c3,53499,esports:team:235bef8f-9433-49c1-b89a-8d2e36cb62ac,43823,ComputedGameGold,1699020,8386,esports:team:d92db726-7c59-49f4-9258-5d92b04a98c3,54110,esports:team:235bef8f-9433-49c1-b89a-8d2e36cb62ac,45724,ComputedGameGold,1709032,8125,esports:team:d92db726-7c59-49f4-9258-5d92b04a98c3,54228,esports:team:235bef8f-9433-49c1-b89a-8d2e36cb62ac,46103,ComputedGameGold,1722020,8070,esports:team:d92db726-7c59-49f4-9258-5d92b04a98c3,54381,esports:team:235bef8f-9433-49c1-b89a-8d2e36cb62ac,46311,ComputedGameGold,1738113,8091,esports:team:d92db726-7c59-49f4-9258-5d92b04a98c3,54680,esports:team:235bef8f-9433-49c1-b89a-8d2e36cb62ac,46589,ComputedGameGold,1751851,8355,esports:team:d92db726-7c59-49f4-9258-5d92b04a98c3,55455,esports:team:235bef8f-9433-49c1-b89a-8d2e36cb62ac,47100,ComputedGameGold,1767415,8296,esports:team:d92db726-7c59-49f4-9258-5d92b04a98c3,55900,esports:team:235bef8f-9433-49c1-b89a-8d2e36cb62ac,47604,ComputedGameGold,1782456,8201,esports:team:d92db726-7c59-49f4-9258-5d92b04a98c3,56280,esports:team:235bef8f-9433-49c1-b89a-8d2e36cb62ac,48079,ComputedGameGold,1796734,8146,esports:team:d92db726-7c59-49f4-9258-5d92b04a98c3,56557,esports:team:235bef8f-9433-49c1-b89a-8d2e36cb62ac,48411,ComputedGameGold,1811031,7952,esports:team:d92db726-7c59-49f4-9258-5d92b04a98c3,56817,esports:team:235bef8f-9433-49c1-b89a-8d2e36cb62ac,48865,ComputedGameGold,1827759,8949,esports:team:d92db726-7c59-49f4-9258-5d92b04a98c3,58083,esports:team:235bef8f-9433-49c1-b89a-8d2e36cb62ac,49134,ComputedGameGold,1845008,9085,esports:team:d92db726-7c59-49f4-9258-5d92b04a98c3,58497,esports:team:235bef8f-9433-49c1-b89a-8d2e36cb62ac,49412,ComputedGameGold,1853003,10336,esports:team:d92db726-7c59-49f4-9258-5d92b04a98c3,60106,esports:team:235bef8f-9433-49c1-b89a-8d2e36cb62ac,49770,ComputedGameGold,1868025,10133,esports:team:d92db726-7c59-49f4-9258-5d92b04a98c3,60454,esports:team:235bef8f-9433-49c1-b89a-8d2e36cb62ac,50321,ComputedGameGold,1883028,10163,esports:team:d92db726-7c59-49f4-9258-5d92b04a98c3,61011,esports:team:235bef8f-9433-49c1-b89a-8d2e36cb62ac,50848,ComputedGameGold,1898031,10317,esports:team:d92db726-7c59-49f4-9258-5d92b04a98c3,61470,esports:team:235bef8f-9433-49c1-b89a-8d2e36cb62ac,51153,ComputedGameGold,1919011,11073,esports:team:d92db726-7c59-49f4-9258-5d92b04a98c3,62695,esports:team:235bef8f-9433-49c1-b89a-8d2e36cb62ac,51622,ComputedGameGold,1936028,10983,esports:team:d92db726-7c59-49f4-9258-5d92b04a98c3,62889,esports:team:235bef8f-9433-49c1-b89a-8d2e36cb62ac,51906,ComputedGameGold,1953008,10861,esports:team:d92db726-7c59-49f4-9258-5d92b04a98c3,63226,esports:team:235bef8f-9433-49c1-b89a-8d2e36cb62ac,52365,ComputedGameGold,1972005,10647,esports:team:d92db726-7c59-49f4-9258-5d92b04a98c3,63677,esports:team:235bef8f-9433-49c1-b89a-8d2e36cb62ac,53030,ComputedGameGold,1995003,10740,esports:team:d92db726-7c59-49f4-9258-5d92b04a98c3,64206,esports:team:235bef8f-9433-49c1-b89a-8d2e36cb62ac,53466,ComputedGameGold,2012686,11914,esports:team:d92db726-7c59-49f4-9258-5d92b04a98c3,65740,esports:team:235bef8f-9433-49c1-b89a-8d2e36cb62ac,53826,ComputedGameGold,2029029,13664,esports:team:d92db726-7c59-49f4-9258-5d92b04a98c3,67753,esports:team:235bef8f-9433-49c1-b89a-8d2e36cb62ac,54089,2022-06-07T17:58:46.621Z,400,live:lol:riot:map:esportstmnt02-2775575,esports:match:5e71ca3c-ee10-4bdb-91b1-7d6380145260,PlayerChampGame,Gangplank,3078,3047,3033,3036,3031,2055,,,Bako,esports:player:892078c7-d9f6-49ab-ab8c-7dfb9caf8146,top,esports:team:d92db726-7c59-49f4-9258-5d92b04a98c3,PlayerChampGame,MonkeyKing,6632,3047,2421,6333,1031,2055,,,Nikolex,esports:player:8e32d1b1-8037-4e59-a465-2fe10c61af15,jng,esports:team:d92db726-7c59-49f4-9258-5d92b04a98c3,PlayerChampGame,Azir,3006,4633,4637,4645,1058,2055,,,Peppe,esports:player:7a86aaea-4173-4d99-8a7f-548b5a079800,mid,esports:team:d92db726-7c59-49f4-9258-5d92b04a98c3,PlayerChampGame,Xayah,6671,3006,3046,3031,3072,2421,,,Vaynedeta,esports:player:c07aee2d-9553-4ff7-8f41-ed4342eded9a,bot,esports:team:d92db726-7c59-49f4-9258-5d92b04a98c3,PlayerChampGame,Renata,3158,3860,3190,3157,2055,2055,,,Sanity,esports:player:63df4934-bd3e-4b39-837e-dc468f13b8cb,sup,esports:team:d92db726-7c59-49f4-9258-5d92b04a98c3,PlayerChampGame,Aatrox,3047,6630,6333,3082,1036,1036,,,NorthnLghts,esports:player:bc4b41d1-7ea2-45a4-93b6-d3b341899d4a,top,esports:team:235bef8f-9433-49c1-b89a-8d2e36cb62ac,PlayerChampGame,Volibear,3158,6664,8001,1028,1029,2055,,,Carnage,esports:player:1a494200-2560-4a3b-9a74-bb94479b95c9,jng,esports:team:235bef8f-9433-49c1-b89a-8d2e36cb62ac,PlayerChampGame,Viktor,1082,6655,3020,3135,3089,1058,,,Koussay3,esports:player:cb72a31f-1d75-41e4-a475-dae84f5fffc8,mid,esports:team:235bef8f-9433-49c1-b89a-8d2e36cb62ac,PlayerChampGame,Kaisa,6672,3006,3046,3031,2420,2055,,,Missclick,esports:player:a14fabe5-27bd-48c9-b814-f4f39ce203ce,bot,esports:team:235bef8f-9433-49c1-b89a-8d2e36cb62ac,PlayerChampGame,Senna,3006,3864,3179,6692,2420,2055,,,Rassiel,esports:player:58454a62-30fe-450d-905b-ba17a0582ff3,sup,esports:team:235bef8f-9433-49c1-b89a-8d2e36cb62ac,PlayerGameStats,4,209.81301540798611,2.911766666666667,2.372797916666667,1,Gangplank,1,2,0,0,831.8675731945444,1,,1,live:lol:riot:map:esportstmnt02-2775575,5685,1174,1,0.17624444444444445,9,253,10.249998092651367,4,2,12,0,0.06351818963555718,Bako,esports:player:892078c7-d9f6-49ab-ab8c-7dfb9caf8146,live:lol:riot:player:a62e24e2-f963-390d-a11f-79aa16b97094,0,top,blue,1,TP,esports:team:d92db726-7c59-49f4-9258-5d92b04a98c3,3776.63427734375,15558,0,32.665706634521484,7,12,PlayerGameStats,10,177.01258680555554,,6.213416666666666,1,MonkeyKing,1,1,0,0,459.42246610036085,0,,0,live:lol:riot:map:esportstmnt02-2775575,4800,660,0,0.4052194444444444,2,15,154.0999755859375,10,100.10002899169922,13,0,0.03698209552402876,Nikolex,esports:player:8e32d1b1-8037-4e59-a465-2fe10c61af15,live:lol:riot:player:d08c667c-f910-33b3-b1d7-0e15a7ba12d5,0,jng,blue,0,TP,esports:team:d92db726-7c59-49f4-9258-5d92b04a98c3,3186.2265625,11290,0,42.92888259887695,8,11,PlayerGameStats,7,118.01553005642361,,4.778672222222222,1,Azir,1,1,0,0,697.5205980911105,1,,0,live:lol:riot:map:esportstmnt02-2775575,5480,212,0,0.11510416666666666,4,323,36,11.999998092651367,24,10,0,0.4217512904961536,Peppe,esports:player:7a86aaea-4173-4d99-8a7f-548b5a079800,live:lol:riot:player:f526777b-3ad8-35d6-a1e8-90d2bc9d2b94,0,mid,blue,0,TP,esports:team:d92db726-7c59-49f4-9258-5d92b04a98c3,2124.279541015625,15804,0,52.81748962402344,8,18,PlayerGameStats,7,189.94007025824652,,4.450616666666667,1,Xayah,1,0,7.745532645794132,0,451.8769174442994,0,,0,live:lol:riot:map:esportstmnt02-2775575,5567,581,0,0.0458,3,301,32.39999771118164,12,12.39999771118164,9,0,0.12261911445882227,Vaynedeta,esports:player:c07aee2d-9553-4ff7-8f41-ed4342eded9a,live:lol:riot:player:c3091b42-311b-38d1-8cde-401c63b82793,0,bot,blue,0,TP,esports:team:d92db726-7c59-49f4-9258-5d92b04a98c3,3418.9212646484375,16235,0,42.424991607666016,19,11,PlayerGameStats,15,17.31749810112847,,,1,Renata,1,0,0,144.61486969508618,143.54140286987504,0,0.4917,0,live:lol:riot:map:esportstmnt02-2775575,3283,-217,0,0.24426944444444443,0,35,4.75,0,0,10,0,0.07576872424821787,Sanity,esports:player:63df4934-bd3e-4b39-837e-dc468f13b8cb,live:lol:riot:player:b800f1fe-26ce-3ad7-83a2-ec7fdcae111f,0,sup,blue,0,TP,esports:team:d92db726-7c59-49f4-9258-5d92b04a98c3,311.7149658203125,8876,0,80.72428131103516,7,45,PlayerGameStats,3,183.48295084635416,3.115086111111111,,1,Aatrox,1,7,0,0,399.47395232062956,0,,0,live:lol:riot:map:esportstmnt02-2775575,4511,-1174,1,0.16518888888888889,0,191,23,0,19.5,8,0,0.01365080023626595,NorthnLghts,esports:player:bc4b41d1-7ea2-45a4-93b6-d3b341899d4a,live:lol:riot:player:42ca97cf-6579-3712-a6fd-0f3b69b66b34,0,top,red,0,HIVE,esports:team:235bef8f-9433-49c1-b89a-8d2e36cb62ac,3302.693115234375,9619,0,28.883508682250977,10,6,PlayerGameStats,2,170.00670708550348,3.985011111111111,,1,Volibear,1,4,0,0,297.50934217109943,0,,0,live:lol:riot:map:esportstmnt02-2775575,4140,-660,0,0.6054777777777778,1,23,106.9000244140625,0,82.9000244140625,9,0,0.1002406475839216,Carnage,esports:player:1a494200-2560-4a3b-9a74-bb94479b95c9,live:lol:riot:player:55c2b5ab-8903-36dd-bc46-4b4fd072de3a,0,jng,red,0,HIVE,esports:team:235bef8f-9433-49c1-b89a-8d2e36cb62ac,3060.1207275390625,8334,0,58.46706771850586,7,25,PlayerGameStats,1,193.71267361111111,14.531516666666667,,1,Viktor,1,2,0,0,713.0860908008497,0,,0,live:lol:riot:map:esportstmnt02-2775575,5268,-212,0,0.28041805555555555,1,323,23.249998092651367,5.5,13.499998092651367,8,0,0.417808726684359,Koussay3,esports:player:cb72a31f-1d75-41e4-a475-dae84f5fffc8,live:lol:riot:player:284f7a5f-a82e-3166-a607-0f09277f210d,0,mid,red,0,HIVE,esports:team:235bef8f-9433-49c1-b89a-8d2e36cb62ac,3486.828125,13880,0,39.98554611206055,4,14,PlayerGameStats,2,89.65102132161458,4.753338888888889,,1,Kaisa,1,4,0,0,216.02702469368933,0,,0,live:lol:riot:map:esportstmnt02-2775575,4986,-581,2,0.06796805555555555,1,298,24.599998474121094,0,24.599998474121094,8,0,0.22261535353599288,Missclick,esports:player:a14fabe5-27bd-48c9-b814-f4f39ce203ce,live:lol:riot:player:76311970-529d-3b2e-961d-12301174e199,0,bot,red,0,HIVE,esports:team:235bef8f-9433-49c1-b89a-8d2e36cb62ac,1613.7183837890625,13202,0,34.643070220947266,7,11,PlayerGameStats,3,89.28036838107639,,,1,Senna,1,1,241.83733025698467,91.78582348112174,289.4032493913696,0,0.6193736111111111,0,live:lol:riot:map:esportstmnt02-2775575,3500,217,0,0.2652305555555556,1,36,1,0,0,9,0,0.15772259248922443,Rassiel,esports:player:58454a62-30fe-450d-905b-ba17a0582ff3,live:lol:riot:player:714a5de4-81b6-345e-afe2-cb683e4cde39,0,sup,red,0,HIVE,esports:team:235bef8f-9433-49c1-b89a-8d2e36cb62ac,1607.046630859375,9065,0,98.29068756103516,23,46,Camille,Lillia,Gwen,Lucian,Jax,Greek Legends League,Volibear,Kaisa,Senna,Viktor,Aatrox,1,1,BEST_OF,SnapshotPlayerStats,True,4,0,Gangplank,9,0,1711,2,2022-06-07T18:32:36.066Z,True,2029557,0,1453,2912,,,3078,3047,3033,3036,3031,2055,,,,17,0,253,10.249998092651367,4,2,False,Bako,esports:player:892078c7-d9f6-49ab-ab8c-7dfb9caf8146,live:lol:riot:player:a62e24e2-f963-390d-a11f-79aa16b97094,13642,13501,0,8437,8446,8473,8451,8345,8352,0,30,TP,esports:team:d92db726-7c59-49f4-9258-5d92b04a98c3,live:lol:riot:team:105521637552587612,15558,3363,,,,,2022-06-07T18:44:29.887Z,32.665706634521484,7,12,TP,17932,SnapshotPlayerStats,True,10,30,MonkeyKing,2,0,1251,1,2022-06-07T18:32:36.066Z,True,2029557,0,1135,2223,,,6632,3047,2421,6333,1031,,,,,15,0,15,154.0999755859375,10,100.10002899169922,False,Nikolex,esports:player:8e32d1b1-8037-4e59-a465-2fe10c61af15,live:lol:riot:player:d08c667c-f910-33b3-b1d7-0e15a7ba12d5,12901,13411,0,8010,9111,9105,8014,8304,8347,0,30,TP,esports:team:d92db726-7c59-49f4-9258-5d92b04a98c3,live:lol:riot:team:105521637552587612,11290,3364,,,,,2022-06-07T18:44:29.887Z,42.92888259887695,8,11,TP,14452,SnapshotPlayerStats,True,7,0,Azir,4,0,3335,1,2022-06-07T18:32:36.066Z,True,2029557,0,2473,3595,,,3006,4633,4637,4645,1058,,,,,18,0,323,36,11.999998092651367,24,False,Peppe,esports:player:7a86aaea-4173-4d99-8a7f-548b5a079800,live:lol:riot:player:f526777b-3ad8-35d6-a1e8-90d2bc9d2b94,13205,14122,0,8010,8009,9104,8014,8347,8345,0,30,TP,esports:team:d92db726-7c59-49f4-9258-5d92b04a98c3,live:lol:riot:team:105521637552587612,15804,3363,,,,,2022-06-07T18:44:29.887Z,52.81748962402344,8,18,TP,20400,SnapshotPlayerStats,True,7,0,Xayah,3,0,1081,0,2022-06-07T18:32:36.066Z,True,2029557,0,1901,2363,,,6671,3006,3046,3031,3072,2421,,,,17,24,301,32.39999771118164,12,12.39999771118164,False,Vaynedeta,esports:player:c07aee2d-9553-4ff7-8f41-ed4342eded9a,live:lol:riot:player:c3091b42-311b-38d1-8cde-401c63b82793,13969,14176,0,8008,8009,9103,8014,8139,8106,0,30,TP,esports:team:d92db726-7c59-49f4-9258-5d92b04a98c3,live:lol:riot:team:105521637552587612,16235,3363,,,,,2022-06-07T18:44:29.887Z,42.424991607666016,19,11,TP,16737,SnapshotPlayerStats,True,15,0,Renata,0,0,1141,0,2022-06-07T18:32:36.066Z,True,2029557,30,1073,2181,,,3158,3860,3190,3157,2055,,,,,14,0,35,4.75,0,0,False,Sanity,esports:player:63df4934-bd3e-4b39-837e-dc468f13b8cb,live:lol:riot:player:b800f1fe-26ce-3ad7-83a2-ec7fdcae111f,13762,13428,0,8465,8401,8444,8453,8345,8352,0,30,TP,esports:team:d92db726-7c59-49f4-9258-5d92b04a98c3,live:lol:riot:team:105521637552587612,8876,3364,,,,,2022-06-07T18:44:29.887Z,80.72428131103516,7,45,TP,12924,SnapshotPlayerStats,False,3,0,Aatrox,0,0,500,7,2022-06-07T18:32:36.066Z,True,2029557,0,0,2538,,,3047,6630,6333,3082,,,,,,15,0,191,23,0,19.5,False,NorthnLghts,esports:player:bc4b41d1-7ea2-45a4-93b6-d3b341899d4a,live:lol:riot:player:42ca97cf-6579-3712-a6fd-0f3b69b66b34,12239,10713,29.015466690063477,8010,9111,9104,8299,8444,8451,0,30,HIVE,esports:team:235bef8f-9433-49c1-b89a-8d2e36cb62ac,live:lol:riot:team:105521451717484016,9619,3364,,,,,2022-06-07T18:44:29.887Z,28.883508682250977,10,6,TP,13998,SnapshotPlayerStats,False,2,0,Volibear,1,0,119,4,2022-06-07T18:32:36.066Z,True,2029557,0,0,3092,,,3158,6664,8001,1028,1029,2055,,,,13,0,23,106.9000244140625,0,82.9000244140625,False,Carnage,esports:player:1a494200-2560-4a3b-9a74-bb94479b95c9,live:lol:riot:player:55c2b5ab-8903-36dd-bc46-4b4fd072de3a,12034,11062,21.499839782714844,8124,8126,8136,8134,8234,8232,0,30,HIVE,esports:team:235bef8f-9433-49c1-b89a-8d2e36cb62ac,live:lol:riot:team:105521451717484016,8334,3364,,,,,2022-06-07T18:44:29.887Z,58.46706771850586,7,25,TP,11113,SnapshotPlayerStats,False,1,0,Viktor,1,0,1076,2,2022-06-07T18:32:36.066Z,True,2029557,0,0,2274,,,1082,6655,3020,3135,3089,1058,,,,17,0,323,23.249998092651367,5.5,13.499998092651367,False,Koussay3,esports:player:cb72a31f-1d75-41e4-a475-dae84f5fffc8,live:lol:riot:player:284f7a5f-a82e-3166-a607-0f09277f210d,14226,14355,52.35631561279297,8369,8304,8316,8352,8226,8210,0,30,HIVE,esports:team:235bef8f-9433-49c1-b89a-8d2e36cb62ac,live:lol:riot:team:105521451717484016,13880,3363,,,,,2022-06-07T18:44:29.887Z,39.98554611206055,4,14,TP,17622,SnapshotPlayerStats,False,2,0,Kaisa,1,0,1632,4,2022-06-07T18:32:36.066Z,True,2029557,0,0,2140,,,6672,3006,3046,3031,2420,,,,,15,0,298,24.599998474121094,0,24.599998474121094,False,Missclick,esports:player:a14fabe5-27bd-48c9-b814-f4f39ce203ce,live:lol:riot:player:76311970-529d-3b2e-961d-12301174e199,13585,14050,34.82392883300781,9923,8139,8138,8135,8347,8345,0,30,HIVE,esports:team:235bef8f-9433-49c1-b89a-8d2e36cb62ac,live:lol:riot:team:105521451717484016,13202,3363,,,,,2022-06-07T18:44:29.887Z,34.643070220947266,7,11,TP,14092,SnapshotPlayerStats,False,3,0,Senna,1,0,15,1,2022-06-07T18:32:36.066Z,True,2029557,30,0,1609,,,3006,3864,3179,6692,2420,2055,,,,13,0,36,1,0,0,False,Rassiel,esports:player:58454a62-30fe-450d-905b-ba17a0582ff3,live:lol:riot:player:714a5de4-81b6-345e-afe2-cb683e4cde39,12096,11512,18.48371124267578,8021,8009,9104,8017,8345,8410,0,30,HIVE,esports:team:235bef8f-9433-49c1-b89a-8d2e36cb62ac,live:lol:riot:team:105521451717484016,9065,3363,,,,,2022-06-07T18:44:29.887Z,98.29068756103516,23,46,TP,11370,TP,esports:team:d92db726-7c59-49f4-9258-5d92b04a98c3,blue,live:lol:riot:team:105521637552587612,HIVE,esports:team:235bef8f-9433-49c1-b89a-8d2e36cb62ac,red,live:lol:riot:team:105521451717484016,TeamGameStats,43,2,4,4,67763,18,TP,esports:team:d92db726-7c59-49f4-9258-5d92b04a98c3,11,TeamGameStats,11,0,18,1,54100,4,HIVE,esports:team:235bef8f-9433-49c1-b89a-8d2e36cb62ac,2,WinProbability,0,0.4365723650606826,0.5634276349393175,WinProbability,0.25,0.35687710199027667,0.6431228980097233,WinProbability,0.5,0.3597336250742867,0.6402663749257134,WinProbability,0.75,0.37167156658938144,0.6283284334106185,WinProbability,1,0.38287937211598283,0.6171206278840171,WinProbability,1.25,0.3907505614722259,0.609249438527774,WinProbability,1.5,0.3949219403089676,0.6050780596910323,WinProbability,1.75,0.41080440158913395,0.5891955984108661,WinProbability,2,0.4368058604896288,0.5631941395103712,WinProbability,2.25,0.46292886540127154,0.5370711345987285,WinProbability,2.5,0.5319645243338924,0.4680354756661076,WinProbability,2.75,0.536451945314774,0.463548054685226,WinProbability,3,0.5527594240511083,0.44724057594889166,WinProbability,3.25,0.5880397896803209,0.4119602103196791,WinProbability,3.5,0.6583036003624376,0.3416963996375624,WinProbability,3.75,0.6563932949607036,0.34360670503929636,WinProbability,4,0.6387915258548458,0.3612084741451542,WinProbability,4.25,0.6173762434818009,0.38262375651819913,WinProbability,4.5,0.6007524556857263,0.3992475443142737,WinProbability,4.75,0.5517773035382594,0.4482226964617406,WinProbability,5,0.5231761519434499,0.4768238480565501,WinProbability,5.25,0.5083600965567409,0.49163990344325914,WinProbability,5.5,0.5199331677151229,0.4800668322848771,WinProbability,5.75,0.5799669230038256,0.4200330769961744,WinProbability,6,0.6204089746505681,0.3795910253494319,WinProbability,6.25,0.617066843456454,0.382933156543546,WinProbability,6.5,0.6045860806619497,0.39541391933805026,WinProbability,6.75,0.6479769423683026,0.3520230576316974,WinProbability,7,0.6852394801826682,0.3147605198173318,WinProbability,7.25,0.716087842423475,0.283912157576525,WinProbability,7.5,0.7707309054722176,0.22926909452778244,WinProbability,7.75,0.8222338631781642,0.17776613682183584,WinProbability,8,0.8292317707837167,0.17076822921628332,WinProbability,8.25,0.8053159513774919,0.1946840486225081,WinProbability,8.5,0.778158199328201,0.22184180067179904,WinProbability,8.75,0.722631498841922,0.277368501158078,WinProbability,9,0.6472536051915067,0.35274639480849335,WinProbability,9.25,0.6629508995310867,0.33704910046891334,WinProbability,9.5,0.7015511827503795,0.29844881724962047,WinProbability,9.75,0.7302614432459699,0.26973855675403013,WinProbability,10,0.7388501147866718,0.26114988521332816,WinProbability,10.25,0.7656876382941576,0.23431236170584235,WinProbability,10.5,0.7859305794208487,0.21406942057915135,WinProbability,10.75,0.7922006820307727,0.20779931796922735,WinProbability,11,0.7954076253731676,0.20459237462683244,WinProbability,11.25,0.8170001626980312,0.18299983730196878,WinProbability,11.5,0.8264744107229292,0.17352558927707085,WinProbability,11.75,0.8452730339677992,0.15472696603220082,WinProbability,12,0.8694403929014057,0.13055960709859427,WinProbability,12.25,0.8862636315558519,0.11373636844414814,WinProbability,12.5,0.8891485040107262,0.1108514959892738,WinProbability,12.75,0.8596962969064506,0.14030370309354945,WinProbability,13,0.8197159333892694,0.1802840666107306,WinProbability,13.25,0.8516581945400563,0.1483418054599437,WinProbability,13.5,0.8967222619725079,0.10327773802749207,WinProbability,13.75,0.9165009109584534,0.08349908904154657,WinProbability,14,0.9291373083238458,0.07086269167615422,WinProbability,14.25,0.9403151000297321,0.059684899970267935,WinProbability,14.5,0.9499622361951897,0.05003776380481029,WinProbability,14.75,0.9577949626483725,0.042205037351627506,WinProbability,15,0.9700073007910855,0.029992699208914453,WinProbability,15.25,0.9767603353854125,0.023239664614587485,WinProbability,15.5,0.9833357411582049,0.01666425884179512,WinProbability,15.75,0.9857021129974823,0.014297887002517662,WinProbability,16,0.9845281632168443,0.015471836783155668,WinProbability,16.25,0.9813442891697297,0.01865571083027029,WinProbability,16.5,0.9814655711508301,0.018534428849169893,WinProbability,16.75,0.9823910433426413,0.017608956657358732,WinProbability,17,0.9886326865880497,0.011367313411950297,WinProbability,17.25,0.9916291351170224,0.008370864882977558,WinProbability,17.5,0.9938741471092489,0.006125852890751071,WinProbability,17.75,0.9960564831343917,0.003943516865608343,WinProbability,18,0.9973581502368982,0.002641849763101778,WinProbability,18.25,0.9980552017911389,0.001944798208861065,WinProbability,18.5,0.9982862818000615,0.0017137181999384854,WinProbability,18.75,0.99819684361893,0.0018031563810699813,WinProbability,19,0.9983417643932619,0.0016582356067380566,WinProbability,19.25,0.9987442628055732,0.0012557371944268425,WinProbability,19.5,0.9992490086509791,0.0007509913490209019,WinProbability,19.75,0.9995496918658351,0.0004503081341649118,WinProbability,20,0.9997316057638386,0.0002683942361614289,WinProbability,20.25,0.9998118154703021,0.0001881845296979323,WinProbability,20.5,0.9998567081149494,0.00014329188505057822,WinProbability,20.75,0.9998717893607729,0.00012821063922707765,WinProbability,21,0.9998330021698731,0.0001669978301268582,WinProbability,21.25,0.9997983813324947,0.0002016186675053433,WinProbability,21.5,0.9998255016003216,0.0001744983996784244,WinProbability,21.75,0.9998752957947337,0.00012470420526633497,WinProbability,22,0.999877523746975,0.00012247625302497234,WinProbability,22.25,0.9998849028475092,0.00011509715249080621,WinProbability,22.5,0.9999029213909753,9.707860902474774e-05,WinProbability,22.75,0.9999296499420908,7.035005790922977e-05,WinProbability,23,0.999939396095074,6.060390492601542e-05,WinProbability,23.25,0.9999475763858696,5.2423614130381324e-05,WinProbability,23.5,0.9999575118190176,4.248818098240292e-05,WinProbability,23.75,0.999965346291284,3.465370871602591e-05,WinProbability,24,0.9999756015665009,2.439843349910653e-05,WinProbability,24.25,0.9999823167418395,1.768325816053906e-05,WinProbability,24.5,0.9999880819549398,1.1918045060177462e-05,WinProbability,24.75,0.9999924738028465,7.526197153495673e-06,WinProbability,25,0.9999940348135371,5.965186462897343e-06,WinProbability,25.25,0.9999950125895802,4.987410419765581e-06,WinProbability,25.5,0.999995763769598,4.23623040202159e-06,WinProbability,25.75,0.9999964195575713,3.5804424286522973e-06,WinProbability,26,0.9999967989790546,3.2010209454202965e-06,WinProbability,26.25,0.9999972446593134,2.7553406866109853e-06,WinProbability,26.5,0.999997473077526,2.526922474044291e-06,WinProbability,26.75,0.9999977751578208,2.2248421791548623e-06,WinProbability,27,0.9999983539764663,1.6460235336968054e-06,WinProbability,27.25,0.9999988471715155,1.1528284844519732e-06,WinProbability,27.5,0.9999991176809736,8.823190263962388e-07,WinProbability,27.75,0.9999994045582389,5.954417611198082e-07,WinProbability,28,0.9999996142061451,3.857938548623707e-07,WinProbability,28.25,0.9999997417090416,2.582909583992432e-07,WinProbability,28.5,0.9999998585635796,1.4143642035335802e-07,WinProbability,28.75,0.9999999113037961,8.869620393703315e-08,WinProbability,29,0.9999999450050143,5.4994985676515284e-08,WinProbability,29.25,0.9999999663037858,3.369621415227897e-08,WinProbability,29.5,0.9999999780075663,2.1992433651973897e-08,WinProbability,29.75,0.9999999867286333,1.3271366672285012e-08,WinProbability,30,0.9999999916602113,8.339788748479293e-09,WinProbability,30.25,0.9999999945442628,5.455737195347865e-09,WinProbability,30.5,0.9999999966402089,3.359791111989807e-09,WinProbability,30.75,0.9999999977520344,2.2479655914509067e-09,WinProbability,31,0.9999999988006965,1.1993035453627954e-09,WinProbability,31.25,0.9999999992138937,7.861062911729277e-10,WinProbability,31.5,0.999999999516942,4.830580380144056e-10,WinProbability,31.75,0.9999999996775164,3.224835953830052e-10,WinProbability,32,0.999999999766582,2.3341795163389634e-10,WinProbability,32.25,0.999999999847297,1.5270296138680806e-10,WinProbability,32.5,0.9999999998957163,1.042836927922508e-10,WinProbability,32.75,0.9999999999305449,6.945510833133994e-11,WinProbability,33,0.9999999999507345,4.9265480583926546e-11,WinProbability,33.25,0.9999999999650521,3.4947933436058065e-11,WinProbability,33.5,0.9999999999766778,2.332223303369574e-11,WinProbability,33.75,0.9999999999853697,1.4630296973905388e-11,WinProbability,34,1,0,blue,TP,esports:team:d92db726-7c59-49f4-9258-5d92b04a98c3,live:lol:riot:team:105521637552587612,1654679661,LiveGame,True,False,400,False,1,1,BEST_OF,TeamDetails,TP,esports:team:d92db726-7c59-49f4-9258-5d92b04a98c3,live:lol:riot:team:105521637552587612,TeamDetails,HAE,esports:team:235bef8f-9433-49c1-b89a-8d2e36cb62ac,live:lol:riot:team:105521451717484016,live:lol:riot:map:esportstmnt02-2775575,esports:team:d92db726-7c59-49f4-9258-5d92b04a98c3,2022-06-07T18:00:00Z,400,esports:match:5e71ca3c-ee10-4bdb-91b1-7d6380145260,PrematchWinProbability,0.5446644912157839,0.45533550878421614,MatchScore,1,0,TeamDetails,TP,251,Team Phantasma,0,0,PlayerHistory,PlayerDetails,1568,,https://factorassets.global.ssl.fastly.net/player-headshots/default.png,SANITY,esports:player:63df4934-bd3e-4b39-837e-dc468f13b8cb,esports:player:63df4934-bd3e-4b39-837e-dc468f13b8cb,sup,esports:tournament:fad12a2c-5d11-4a39-a001-f9011b529a85,PlayerHistory,PlayerDetails,2307,Petros Mperdempes,https://factorassets.global.ssl.fastly.net/player-headshots/default.png,peppe,esports:player:7a86aaea-4173-4d99-8a7f-548b5a079800,esports:player:7a86aaea-4173-4d99-8a7f-548b5a079800,mid,esports:tournament:fad12a2c-5d11-4a39-a001-f9011b529a85,PlayerHistory,PlayerDetails,982,Nikos Kechris,https://factorassets.global.ssl.fastly.net/player-headshots/esports:player:8e32d1b1-8037-4e59-a465-2fe10c61af15/latest.png,Nikolex,esports:player:8e32d1b1-8037-4e59-a465-2fe10c61af15,esports:player:8e32d1b1-8037-4e59-a465-2fe10c61af15,jng,esports:tournament:fad12a2c-5d11-4a39-a001-f9011b529a85,PlayerHistory,PlayerDetails,1035,Stavros Giannoulakis,https://factorassets.global.ssl.fastly.net/player-headshots/esports:player:c07aee2d-9553-4ff7-8f41-ed4342eded9a/latest.png,Vaynedeta,esports:player:c07aee2d-9553-4ff7-8f41-ed4342eded9a,esports:player:c07aee2d-9553-4ff7-8f41-ed4342eded9a,bot,esports:tournament:fad12a2c-5d11-4a39-a001-f9011b529a85,PlayerHistory,PlayerDetails,434,Thodoris Bakogiannis,https://factorassets.global.ssl.fastly.net/player-headshots/esports:player:892078c7-d9f6-49ab-ab8c-7dfb9caf8146/latest.png,Bako,esports:player:892078c7-d9f6-49ab-ab8c-7dfb9caf8146,esports:player:892078c7-d9f6-49ab-ab8c-7dfb9caf8146,top,esports:tournament:fad12a2c-5d11-4a39-a001-f9011b529a85,PlayerHistory,PlayerDetails,1568,,https://factorassets.global.ssl.fastly.net/player-headshots/default.png,SANITY,esports:player:63df4934-bd3e-4b39-837e-dc468f13b8cb,esports:player:63df4934-bd3e-4b39-837e-dc468f13b8cb,sup,esports:tournament:7d1d74da-a957-4d22-90a6-f928534e7eef,PlayerHistory,PlayerDetails,1853,Rodrigo Sinovas Sañudo,https://factorassets.global.ssl.fastly.net/player-headshots/default.png,Make,esports:player:649a3499-88cf-41f7-9295-6dfe9c9f3ed5,esports:player:649a3499-88cf-41f7-9295-6dfe9c9f3ed5,sup,esports:tournament:7d1d74da-a957-4d22-90a6-f928534e7eef,PlayerHistory,PlayerDetails,2307,Petros Mperdempes,https://factorassets.global.ssl.fastly.net/player-headshots/default.png,peppe,esports:player:7a86aaea-4173-4d99-8a7f-548b5a079800,esports:player:7a86aaea-4173-4d99-8a7f-548b5a079800,mid,esports:tournament:7d1d74da-a957-4d22-90a6-f928534e7eef,PlayerHistory,PlayerDetails,434,Thodoris Bakogiannis,https://factorassets.global.ssl.fastly.net/player-headshots/esports:player:892078c7-d9f6-49ab-ab8c-7dfb9caf8146/latest.png,Bako,esports:player:892078c7-d9f6-49ab-ab8c-7dfb9caf8146,esports:player:892078c7-d9f6-49ab-ab8c-7dfb9caf8146,top,esports:tournament:7d1d74da-a957-4d22-90a6-f928534e7eef,PlayerHistory,PlayerDetails,982,Nikos Kechris,https://factorassets.global.ssl.fastly.net/player-headshots/esports:player:8e32d1b1-8037-4e59-a465-2fe10c61af15/latest.png,Nikolex,esports:player:8e32d1b1-8037-4e59-a465-2fe10c61af15,esports:player:8e32d1b1-8037-4e59-a465-2fe10c61af15,jng,esports:tournament:7d1d74da-a957-4d22-90a6-f928534e7eef,PlayerHistory,PlayerDetails,1035,Stavros Giannoulakis,https://factorassets.global.ssl.fastly.net/player-headshots/esports:player:c07aee2d-9553-4ff7-8f41-ed4342eded9a/latest.png,Vaynedeta,esports:player:c07aee2d-9553-4ff7-8f41-ed4342eded9a,esports:player:c07aee2d-9553-4ff7-8f41-ed4342eded9a,bot,esports:tournament:7d1d74da-a957-4d22-90a6-f928534e7eef,PlayerHistory,PlayerDetails,982,Nikos Kechris,https://factorassets.global.ssl.fastly.net/player-headshots/esports:player:8e32d1b1-8037-4e59-a465-2fe10c61af15/latest.png,Nikolex,esports:player:8e32d1b1-8037-4e59-a465-2fe10c61af15,esports:player:8e32d1b1-8037-4e59-a465-2fe10c61af15,jng,esports:tournament:a22edf8b-0313-4813-afe1-9cf81a571855,PlayerHistory,PlayerDetails,2307,Petros Mperdempes,https://factorassets.global.ssl.fastly.net/player-headshots/default.png,peppe,esports:player:7a86aaea-4173-4d99-8a7f-548b5a079800,esports:player:7a86aaea-4173-4d99-8a7f-548b5a079800,mid,esports:tournament:a22edf8b-0313-4813-afe1-9cf81a571855,PlayerHistory,PlayerDetails,434,Thodoris Bakogiannis,https://factorassets.global.ssl.fastly.net/player-headshots/esports:player:892078c7-d9f6-49ab-ab8c-7dfb9caf8146/latest.png,Bako,esports:player:892078c7-d9f6-49ab-ab8c-7dfb9caf8146,esports:player:892078c7-d9f6-49ab-ab8c-7dfb9caf8146,top,esports:tournament:a22edf8b-0313-4813-afe1-9cf81a571855,PlayerHistory,PlayerDetails,1568,,https://factorassets.global.ssl.fastly.net/player-headshots/default.png,SANITY,esports:player:63df4934-bd3e-4b39-837e-dc468f13b8cb,esports:player:63df4934-bd3e-4b39-837e-dc468f13b8cb,sup,esports:tournament:a22edf8b-0313-4813-afe1-9cf81a571855,PlayerHistory,PlayerDetails,1035,Stavros Giannoulakis,https://factorassets.global.ssl.fastly.net/player-headshots/esports:player:c07aee2d-9553-4ff7-8f41-ed4342eded9a/latest.png,Vaynedeta,esports:player:c07aee2d-9553-4ff7-8f41-ed4342eded9a,esports:player:c07aee2d-9553-4ff7-8f41-ed4342eded9a,bot,esports:tournament:a22edf8b-0313-4813-afe1-9cf81a571855,PlayerHistory,PlayerDetails,3381,Jorgo Dhimojani,https://factorassets.global.ssl.fastly.net/player-headshots/default.png,Infe,esports:player:70beccc5-3dcd-42c8-b669-f41a50514aa6,esports:player:70beccc5-3dcd-42c8-b669-f41a50514aa6,top,esports:tournament:f8a51f89-5e67-4608-99be-0183120dc402,PlayerHistory,PlayerDetails,434,Thodoris Bakogiannis,https://factorassets.global.ssl.fastly.net/player-headshots/esports:player:892078c7-d9f6-49ab-ab8c-7dfb9caf8146/latest.png,Bako,esports:player:892078c7-d9f6-49ab-ab8c-7dfb9caf8146,esports:player:892078c7-d9f6-49ab-ab8c-7dfb9caf8146,top,esports:tournament:f8a51f89-5e67-4608-99be-0183120dc402,PlayerHistory,PlayerDetails,1035,Stavros Giannoulakis,https://factorassets.global.ssl.fastly.net/player-headshots/esports:player:c07aee2d-9553-4ff7-8f41-ed4342eded9a/latest.png,Vaynedeta,esports:player:c07aee2d-9553-4ff7-8f41-ed4342eded9a,esports:player:c07aee2d-9553-4ff7-8f41-ed4342eded9a,bot,esports:tournament:f8a51f89-5e67-4608-99be-0183120dc402,PlayerHistory,PlayerDetails,1568,,https://factorassets.global.ssl.fastly.net/player-headshots/default.png,SANITY,esports:player:63df4934-bd3e-4b39-837e-dc468f13b8cb,esports:player:63df4934-bd3e-4b39-837e-dc468f13b8cb,sup,esports:tournament:f8a51f89-5e67-4608-99be-0183120dc402,PlayerHistory,PlayerDetails,2307,Petros Mperdempes,https://factorassets.global.ssl.fastly.net/player-headshots/default.png,peppe,esports:player:7a86aaea-4173-4d99-8a7f-548b5a079800,esports:player:7a86aaea-4173-4d99-8a7f-548b5a079800,mid,esports:tournament:f8a51f89-5e67-4608-99be-0183120dc402,PlayerHistory,PlayerDetails,982,Nikos Kechris,https://factorassets.global.ssl.fastly.net/player-headshots/esports:player:8e32d1b1-8037-4e59-a465-2fe10c61af15/latest.png,Nikolex,esports:player:8e32d1b1-8037-4e59-a465-2fe10c61af15,esports:player:8e32d1b1-8037-4e59-a465-2fe10c61af15,jng,esports:tournament:f8a51f89-5e67-4608-99be-0183120dc402,PlayerHistory,PlayerDetails,982,Nikos Kechris,https://factorassets.global.ssl.fastly.net/player-headshots/esports:player:8e32d1b1-8037-4e59-a465-2fe10c61af15/latest.png,Nikolex,esports:player:8e32d1b1-8037-4e59-a465-2fe10c61af15,esports:player:8e32d1b1-8037-4e59-a465-2fe10c61af15,jng,esports:tournament:2bac823e-4f89-4ffe-b5f2-a298a48a4957,PlayerHistory,PlayerDetails,434,Thodoris Bakogiannis,https://factorassets.global.ssl.fastly.net/player-headshots/esports:player:892078c7-d9f6-49ab-ab8c-7dfb9caf8146/latest.png,Bako,esports:player:892078c7-d9f6-49ab-ab8c-7dfb9caf8146,esports:player:892078c7-d9f6-49ab-ab8c-7dfb9caf8146,top,esports:tournament:2bac823e-4f89-4ffe-b5f2-a298a48a4957,PlayerHistory,PlayerDetails,2307,Petros Mperdempes,https://factorassets.global.ssl.fastly.net/player-headshots/default.png,peppe,esports:player:7a86aaea-4173-4d99-8a7f-548b5a079800,esports:player:7a86aaea-4173-4d99-8a7f-548b5a079800,mid,esports:tournament:2bac823e-4f89-4ffe-b5f2-a298a48a4957,PlayerHistory,PlayerDetails,2800,Konstantinos Georgantas,https://factorassets.global.ssl.fastly.net/player-headshots/default.png,Kaba,esports:player:bbdb30dd-ec28-4e6b-8325-ba437dec57ff,esports:player:bbdb30dd-ec28-4e6b-8325-ba437dec57ff,bot,esports:tournament:2bac823e-4f89-4ffe-b5f2-a298a48a4957,PlayerHistory,PlayerDetails,1568,,https://factorassets.global.ssl.fastly.net/player-headshots/default.png,SANITY,esports:player:63df4934-bd3e-4b39-837e-dc468f13b8cb,esports:player:63df4934-bd3e-4b39-837e-dc468f13b8cb,sup,esports:tournament:2bac823e-4f89-4ffe-b5f2-a298a48a4957,PlayerHistory,PlayerDetails,2800,Konstantinos Georgantas,https://factorassets.global.ssl.fastly.net/player-headshots/default.png,Kaba,esports:player:bbdb30dd-ec28-4e6b-8325-ba437dec57ff,esports:player:bbdb30dd-ec28-4e6b-8325-ba437dec57ff,bot,esports:tournament:a45517c2-9e0a-4ec3-8509-6c5f39c9a89a,PlayerHistory,PlayerDetails,2307,Petros Mperdempes,https://factorassets.global.ssl.fastly.net/player-headshots/default.png,peppe,esports:player:7a86aaea-4173-4d99-8a7f-548b5a079800,esports:player:7a86aaea-4173-4d99-8a7f-548b5a079800,mid,esports:tournament:a45517c2-9e0a-4ec3-8509-6c5f39c9a89a,PlayerHistory,PlayerDetails,434,Thodoris Bakogiannis,https://factorassets.global.ssl.fastly.net/player-headshots/esports:player:892078c7-d9f6-49ab-ab8c-7dfb9caf8146/latest.png,Bako,esports:player:892078c7-d9f6-49ab-ab8c-7dfb9caf8146,esports:player:892078c7-d9f6-49ab-ab8c-7dfb9caf8146,top,esports:tournament:a45517c2-9e0a-4ec3-8509-6c5f39c9a89a,PlayerHistory,PlayerDetails,982,Nikos Kechris,https://factorassets.global.ssl.fastly.net/player-headshots/esports:player:8e32d1b1-8037-4e59-a465-2fe10c61af15/latest.png,Nikolex,esports:player:8e32d1b1-8037-4e59-a465-2fe10c61af15,esports:player:8e32d1b1-8037-4e59-a465-2fe10c61af15,jng,esports:tournament:a45517c2-9e0a-4ec3-8509-6c5f39c9a89a,PlayerHistory,PlayerDetails,1568,,https://factorassets.global.ssl.fastly.net/player-headshots/default.png,SANITY,esports:player:63df4934-bd3e-4b39-837e-dc468f13b8cb,esports:player:63df4934-bd3e-4b39-837e-dc468f13b8cb,sup,esports:tournament:a45517c2-9e0a-4ec3-8509-6c5f39c9a89a,PlayerHistory,PlayerDetails,960,Stergios Liamis,https://factorassets.global.ssl.fastly.net/player-headshots/default.png,Zentul,esports:player:dcde060d-85c4-4240-bc39-2d84056b9899,esports:player:dcde060d-85c4-4240-bc39-2d84056b9899,bot,esports:tournament:9ca0e908-3f0f-4c2c-8c47-a6b9004e0dc3,PlayerHistory,PlayerDetails,1568,,https://factorassets.global.ssl.fastly.net/player-headshots/default.png,SANITY,esports:player:63df4934-bd3e-4b39-837e-dc468f13b8cb,esports:player:63df4934-bd3e-4b39-837e-dc468f13b8cb,sup,esports:tournament:9ca0e908-3f0f-4c2c-8c47-a6b9004e0dc3,PlayerHistory,PlayerDetails,2307,Petros Mperdempes,https://factorassets.global.ssl.fastly.net/player-headshots/default.png,peppe,esports:player:7a86aaea-4173-4d99-8a7f-548b5a079800,esports:player:7a86aaea-4173-4d99-8a7f-548b5a079800,mid,esports:tournament:9ca0e908-3f0f-4c2c-8c47-a6b9004e0dc3,PlayerHistory,PlayerDetails,982,Nikos Kechris,https://factorassets.global.ssl.fastly.net/player-headshots/esports:player:8e32d1b1-8037-4e59-a465-2fe10c61af15/latest.png,Nikolex,esports:player:8e32d1b1-8037-4e59-a465-2fe10c61af15,esports:player:8e32d1b1-8037-4e59-a465-2fe10c61af15,jng,esports:tournament:9ca0e908-3f0f-4c2c-8c47-a6b9004e0dc3,PlayerHistory,PlayerDetails,434,Thodoris Bakogiannis,https://factorassets.global.ssl.fastly.net/player-headshots/esports:player:892078c7-d9f6-49ab-ab8c-7dfb9caf8146/latest.png,Bako,esports:player:892078c7-d9f6-49ab-ab8c-7dfb9caf8146,esports:player:892078c7-d9f6-49ab-ab8c-7dfb9caf8146,top,esports:tournament:9ca0e908-3f0f-4c2c-8c47-a6b9004e0dc3,PlayerHistory,PlayerDetails,1213,Christos Mpalntonikolas,https://factorassets.global.ssl.fastly.net/player-headshots/esports:player:aa4d587e-3814-484a-91ef-9b1a42d756a5/latest.png,DEV1L,esports:player:aa4d587e-3814-484a-91ef-9b1a42d756a5,esports:player:aa4d587e-3814-484a-91ef-9b1a42d756a5,jng,esports:tournament:9ca0e908-3f0f-4c2c-8c47-a6b9004e0dc3,PlayerHistory,PlayerDetails,2800,Konstantinos Georgantas,https://factorassets.global.ssl.fastly.net/player-headshots/default.png,Kaba,esports:player:bbdb30dd-ec28-4e6b-8325-ba437dec57ff,esports:player:bbdb30dd-ec28-4e6b-8325-ba437dec57ff,bot,esports:tournament:9ca0e908-3f0f-4c2c-8c47-a6b9004e0dc3,PlayerHistory,,,sup,esports:tournament:4ad620ac-02fa-48f4-9a6f-92a0e2d90935,PlayerHistory,,,mid,esports:tournament:4ad620ac-02fa-48f4-9a6f-92a0e2d90935,PlayerHistory,PlayerDetails,2800,Konstantinos Georgantas,https://factorassets.global.ssl.fastly.net/player-headshots/default.png,Kaba,esports:player:bbdb30dd-ec28-4e6b-8325-ba437dec57ff,esports:player:bbdb30dd-ec28-4e6b-8325-ba437dec57ff,bot,esports:tournament:4ad620ac-02fa-48f4-9a6f-92a0e2d90935,PlayerHistory,,,jng,esports:tournament:4ad620ac-02fa-48f4-9a6f-92a0e2d90935,PlayerHistory,,,bot,esports:tournament:4ad620ac-02fa-48f4-9a6f-92a0e2d90935,PlayerHistory,PlayerDetails,960,Stergios Liamis,https://factorassets.global.ssl.fastly.net/player-headshots/default.png,Zentul,esports:player:dcde060d-85c4-4240-bc39-2d84056b9899,esports:player:dcde060d-85c4-4240-bc39-2d84056b9899,bot,esports:tournament:4ad620ac-02fa-48f4-9a6f-92a0e2d90935,PlayerHistory,PlayerDetails,434,Thodoris Bakogiannis,https://factorassets.global.ssl.fastly.net/player-headshots/esports:player:892078c7-d9f6-49ab-ab8c-7dfb9caf8146/latest.png,Bako,esports:player:892078c7-d9f6-49ab-ab8c-7dfb9caf8146,esports:player:892078c7-d9f6-49ab-ab8c-7dfb9caf8146,top,esports:tournament:4ad620ac-02fa-48f4-9a6f-92a0e2d90935,TeamRank,,119,0.48945991258177424,,0.48945991258177424,TP,esports:team:d92db726-7c59-49f4-9258-5d92b04a98c3,Roster,PlayerDetails,2754,Kristian Tsonev,https://factorassets.global.ssl.fastly.net/player-headshots/esports:player:7b601868-251d-4d62-95d5-959fb058d854/latest.png,Indecision,esports:player:7b601868-251d-4d62-95d5-959fb058d854,Indecision,esports:player:7b601868-251d-4d62-95d5-959fb058d854,jng,PlayerDetails,1568,,https://factorassets.global.ssl.fastly.net/player-headshots/default.png,SANITY,esports:player:63df4934-bd3e-4b39-837e-dc468f13b8cb,SANITY,esports:player:63df4934-bd3e-4b39-837e-dc468f13b8cb,sup,PlayerDetails,1853,Rodrigo Sinovas Sañudo,https://factorassets.global.ssl.fastly.net/player-headshots/default.png,Make,esports:player:649a3499-88cf-41f7-9295-6dfe9c9f3ed5,Make,esports:player:649a3499-88cf-41f7-9295-6dfe9c9f3ed5,sup,PlayerDetails,2307,Petros Mperdempes,https://factorassets.global.ssl.fastly.net/player-headshots/default.png,peppe,esports:player:7a86aaea-4173-4d99-8a7f-548b5a079800,peppe,esports:player:7a86aaea-4173-4d99-8a7f-548b5a079800,mid,PlayerDetails,434,Thodoris Bakogiannis,https://factorassets.global.ssl.fastly.net/player-headshots/esports:player:892078c7-d9f6-49ab-ab8c-7dfb9caf8146/latest.png,Bako,esports:player:892078c7-d9f6-49ab-ab8c-7dfb9caf8146,Bako,esports:player:892078c7-d9f6-49ab-ab8c-7dfb9caf8146,top,PlayerDetails,982,Nikos Kechris,https://factorassets.global.ssl.fastly.net/player-headshots/esports:player:8e32d1b1-8037-4e59-a465-2fe10c61af15/latest.png,Nikolex,esports:player:8e32d1b1-8037-4e59-a465-2fe10c61af15,Nikolex,esports:player:8e32d1b1-8037-4e59-a465-2fe10c61af15,jng,PlayerDetails,1035,Stavros Giannoulakis,https://factorassets.global.ssl.fastly.net/player-headshots/esports:player:c07aee2d-9553-4ff7-8f41-ed4342eded9a/latest.png,Vaynedeta,esports:player:c07aee2d-9553-4ff7-8f41-ed4342eded9a,Vaynedeta,esports:player:c07aee2d-9553-4ff7-8f41-ed4342eded9a,bot,TeamLogo,False,False,https://factorassets.global.ssl.fastly.net/teamlogo/esports:team:d92db726-7c59-49f4-9258-5d92b04a98c3/latest.png,esports:team:d92db726-7c59-49f4-9258-5d92b04a98c3,Tournament,Series,European Masters,esports:series:e2a7097c-0c7a-4504-9bc4-5bad742a0d7f,esports:tournament:fad12a2c-5d11-4a39-a001-f9011b529a85,Tournament,Series,Greek Legends League,esports:series:4c59e188-92be-4a44-8f9a-5e896cd4277f,esports:tournament:7d1d74da-a957-4d22-90a6-f928534e7eef,Tournament,Series,European Masters,esports:series:e2a7097c-0c7a-4504-9bc4-5bad742a0d7f,esports:tournament:a22edf8b-0313-4813-afe1-9cf81a571855,TeamDetails,HAE,254,Hive Athens Ec,0,0,PlayerHistory,PlayerDetails,194458,Tautvydas Gegeckas,,T0m,esports:player:5c8cb86e-8ef4-490e-ae10-cf608130c1f6,esports:player:5c8cb86e-8ef4-490e-ae10-cf608130c1f6,mid,esports:tournament:7d1d74da-a957-4d22-90a6-f928534e7eef,PlayerHistory,PlayerDetails,1681,Vasileios Syrianos,https://factorassets.global.ssl.fastly.net/player-headshots/esports:player:1a494200-2560-4a3b-9a74-bb94479b95c9/latest.png,Carnage,esports:player:1a494200-2560-4a3b-9a74-bb94479b95c9,esports:player:1a494200-2560-4a3b-9a74-bb94479b95c9,jng,esports:tournament:7d1d74da-a957-4d22-90a6-f928534e7eef,PlayerHistory,PlayerDetails,194463,Thanos Katsaros,,Navatar,esports:player:1ab0d89a-2d05-46cc-bfae-90235b106431,esports:player:1ab0d89a-2d05-46cc-bfae-90235b106431,jng,esports:tournament:7d1d74da-a957-4d22-90a6-f928534e7eef,PlayerHistory,PlayerDetails,194460,Łukasz Nasutowicz,,Nasut,esports:player:2743887a-5622-4104-89a7-8fcaede0531f,esports:player:2743887a-5622-4104-89a7-8fcaede0531f,jng,esports:tournament:7d1d74da-a957-4d22-90a6-f928534e7eef,PlayerHistory,PlayerDetails,194467,József Lőrincz,,Rassiel,esports:player:58454a62-30fe-450d-905b-ba17a0582ff3,esports:player:58454a62-30fe-450d-905b-ba17a0582ff3,sup,esports:tournament:7d1d74da-a957-4d22-90a6-f928534e7eef,PlayerHistory,PlayerDetails,194462,Yannick  Hiller,,Missclick,esports:player:a14fabe5-27bd-48c9-b814-f4f39ce203ce,esports:player:a14fabe5-27bd-48c9-b814-f4f39ce203ce,bot,esports:tournament:7d1d74da-a957-4d22-90a6-f928534e7eef,PlayerHistory,PlayerDetails,3109,Christodoulos Leontaras,https://factorassets.global.ssl.fastly.net/player-headshots/default.png,Leo D Aras,esports:player:b942b7cb-4fec-4306-a451-7e8a49081b72,esports:player:b942b7cb-4fec-4306-a451-7e8a49081b72,sup,esports:tournament:7d1d74da-a957-4d22-90a6-f928534e7eef,PlayerHistory,PlayerDetails,3455,Spyridon Diavatis,https://factorassets.global.ssl.fastly.net/player-headshots/default.png,NorthnLights,esports:player:bc4b41d1-7ea2-45a4-93b6-d3b341899d4a,esports:player:bc4b41d1-7ea2-45a4-93b6-d3b341899d4a,top,esports:tournament:7d1d74da-a957-4d22-90a6-f928534e7eef,PlayerHistory,PlayerDetails,2043,Romanos Kasinopoulos,https://factorassets.global.ssl.fastly.net/player-headshots/esports:player:c05e49dd-dcf0-4924-a253-00994a4f9c21/latest.png,Ivok,esports:player:c05e49dd-dcf0-4924-a253-00994a4f9c21,esports:player:c05e49dd-dcf0-4924-a253-00994a4f9c21,top,esports:tournament:7d1d74da-a957-4d22-90a6-f928534e7eef,PlayerHistory,PlayerDetails,194461,Koussay Soltani,,Koussay3,esports:player:cb72a31f-1d75-41e4-a475-dae84f5fffc8,esports:player:cb72a31f-1d75-41e4-a475-dae84f5fffc8,mid,esports:tournament:7d1d74da-a957-4d22-90a6-f928534e7eef,PlayerHistory,PlayerDetails,194455,,,Rhythm,esports:player:f7e0cde5-0900-4a38-a3ac-43c18448dc00,esports:player:f7e0cde5-0900-4a38-a3ac-43c18448dc00,bot,esports:tournament:7d1d74da-a957-4d22-90a6-f928534e7eef,PlayerHistory,PlayerDetails,575,,https://factorassets.global.ssl.fastly.net/player-headshots/esports:player:416b39de-e2ea-46c0-83f7-27e830c0b334/latest.png,zekja,esports:player:416b39de-e2ea-46c0-83f7-27e830c0b334,esports:player:416b39de-e2ea-46c0-83f7-27e830c0b334,bot,esports:tournament:f8a51f89-5e67-4608-99be-0183120dc402,PlayerHistory,PlayerDetails,3393,Ben Walpole,https://factorassets.global.ssl.fastly.net/player-headshots/default.png,Nyzah,esports:player:70a3928c-1e87-4b49-8ab5-c1bc3b8ce8b7,esports:player:70a3928c-1e87-4b49-8ab5-c1bc3b8ce8b7,sup,esports:tournament:f8a51f89-5e67-4608-99be-0183120dc402,PlayerHistory,PlayerDetails,1213,Christos Mpalntonikolas,https://factorassets.global.ssl.fastly.net/player-headshots/esports:player:aa4d587e-3814-484a-91ef-9b1a42d756a5/latest.png,DEV1L,esports:player:aa4d587e-3814-484a-91ef-9b1a42d756a5,esports:player:aa4d587e-3814-484a-91ef-9b1a42d756a5,jng,esports:tournament:f8a51f89-5e67-4608-99be-0183120dc402,PlayerHistory,PlayerDetails,3455,Spyridon Diavatis,https://factorassets.global.ssl.fastly.net/player-headshots/default.png,NorthnLights,esports:player:bc4b41d1-7ea2-45a4-93b6-d3b341899d4a,esports:player:bc4b41d1-7ea2-45a4-93b6-d3b341899d4a,top,esports:tournament:f8a51f89-5e67-4608-99be-0183120dc402,PlayerHistory,PlayerDetails,913,,https://factorassets.global.ssl.fastly.net/player-headshots/default.png,Crow,esports:player:b672d678-bf16-405f-8b38-3e04aee07029,esports:player:b672d678-bf16-405f-8b38-3e04aee07029,sup,esports:tournament:f8a51f89-5e67-4608-99be-0183120dc402,PlayerHistory,PlayerDetails,847,Filip Dadić,https://factorassets.global.ssl.fastly.net/player-headshots/esports:player:2901ce0b-eeb1-4afa-b4a6-c01af8adcb21/latest.png,Diva,esports:player:2901ce0b-eeb1-4afa-b4a6-c01af8adcb21,esports:player:2901ce0b-eeb1-4afa-b4a6-c01af8adcb21,mid,esports:tournament:f8a51f89-5e67-4608-99be-0183120dc402,TeamRank,,35,0.42847901204564015,,0.42847901204564015,HIVE,esports:team:235bef8f-9433-49c1-b89a-8d2e36cb62ac,PlayerDetails,194458,Tautvydas Gegeckas,,T0m,esports:player:5c8cb86e-8ef4-490e-ae10-cf608130c1f6,T0m,esports:player:5c8cb86e-8ef4-490e-ae10-cf608130c1f6,mid,PlayerDetails,1681,Vasileios Syrianos,https://factorassets.global.ssl.fastly.net/player-headshots/esports:player:1a494200-2560-4a3b-9a74-bb94479b95c9/latest.png,Carnage,esports:player:1a494200-2560-4a3b-9a74-bb94479b95c9,Carnage,esports:player:1a494200-2560-4a3b-9a74-bb94479b95c9,jng,PlayerDetails,194463,Thanos Katsaros,,Navatar,esports:player:1ab0d89a-2d05-46cc-bfae-90235b106431,Navatar,esports:player:1ab0d89a-2d05-46cc-bfae-90235b106431,jng,PlayerDetails,194460,Łukasz Nasutowicz,,Nasut,esports:player:2743887a-5622-4104-89a7-8fcaede0531f,Nasut,esports:player:2743887a-5622-4104-89a7-8fcaede0531f,jng,PlayerDetails,194467,József Lőrincz,,Rassiel,esports:player:58454a62-30fe-450d-905b-ba17a0582ff3,Rassiel,esports:player:58454a62-30fe-450d-905b-ba17a0582ff3,sup,PlayerDetails,194462,Yannick  Hiller,,Missclick,esports:player:a14fabe5-27bd-48c9-b814-f4f39ce203ce,Missclick,esports:player:a14fabe5-27bd-48c9-b814-f4f39ce203ce,bot,PlayerDetails,3109,Christodoulos Leontaras,https://factorassets.global.ssl.fastly.net/player-headshots/default.png,Leo D Aras,esports:player:b942b7cb-4fec-4306-a451-7e8a49081b72,Leo D Aras,esports:player:b942b7cb-4fec-4306-a451-7e8a49081b72,sup,PlayerDetails,3455,Spyridon Diavatis,https://factorassets.global.ssl.fastly.net/player-headshots/default.png,NorthnLights,esports:player:bc4b41d1-7ea2-45a4-93b6-d3b341899d4a,NorthnLights,esports:player:bc4b41d1-7ea2-45a4-93b6-d3b341899d4a,top,PlayerDetails,2043,Romanos Kasinopoulos,https://factorassets.global.ssl.fastly.net/player-headshots/esports:player:c05e49dd-dcf0-4924-a253-00994a4f9c21/latest.png,Ivok,esports:player:c05e49dd-dcf0-4924-a253-00994a4f9c21,Ivok,esports:player:c05e49dd-dcf0-4924-a253-00994a4f9c21,top,PlayerDetails,194461,Koussay Soltani,,Koussay3,esports:player:cb72a31f-1d75-41e4-a475-dae84f5fffc8,Koussay3,esports:player:cb72a31f-1d75-41e4-a475-dae84f5fffc8,mid,PlayerDetails,194455,,,Rhythm,esports:player:f7e0cde5-0900-4a38-a3ac-43c18448dc00,Rhythm,esports:player:f7e0cde5-0900-4a38-a3ac-43c18448dc00,bot,TeamLogo,False,False,https://factorassets.global.ssl.fastly.net/teamlogo/esports:team:235bef8f-9433-49c1-b89a-8d2e36cb62ac/latest.png,esports:team:235bef8f-9433-49c1-b89a-8d2e36cb62ac,Tournament,Series,Greek Legends League,esports:series:4c59e188-92be-4a44-8f9a-5e896cd4277f,esports:tournament:7d1d74da-a957-4d22-90a6-f928534e7eef,Tournament,Series,Greek Legends League,esports:series:4c59e188-92be-4a44-8f9a-5e896cd4277f,esports:tournament:f8a51f89-5e67-4608-99be-0183120dc402,Tournament,Series,Greek Legends League,esports:series:4c59e188-92be-4a44-8f9a-5e896cd4277f,esports:tournament:4ad620ac-02fa-48f4-9a6f-92a0e2d90935,Tournament,2022-07-30,1666873490,Summer,Season,Greek Legends League 2022,2022,esports:season:af632c15-b4ff-45d0-b7e2-3ebe612e53da,Series,Greek Legends League,esports:series:4c59e188-92be-4a44-8f9a-5e896cd4277f,2022-05-29,Minor,Minor,4,esports:tournament:7d1d74da-a957-4d22-90a6-f928534e7eef,1,False,304742,statistics,Greek Legends League,TeamDetails,TP,251,Team Phantasma,PlayerHistory,PlayerDetails,1568,,https://factorassets.global.ssl.fastly.net/player-headshots/default.png,SANITY,esports:player:63df4934-bd3e-4b39-837e-dc468f13b8cb,esports:player:63df4934-bd3e-4b39-837e-dc468f13b8cb,sup,esports:tournament:fad12a2c-5d11-4a39-a001-f9011b529a85,PlayerHistory,PlayerDetails,2307,Petros Mperdempes,https://factorassets.global.ssl.fastly.net/player-headshots/default.png,peppe,esports:player:7a86aaea-4173-4d99-8a7f-548b5a079800,esports:player:7a86aaea-4173-4d99-8a7f-548b5a079800,mid,esports:tournament:fad12a2c-5d11-4a39-a001-f9011b529a85,PlayerHistory,PlayerDetails,982,Nikos Kechris,https://factorassets.global.ssl.fastly.net/player-headshots/esports:player:8e32d1b1-8037-4e59-a465-2fe10c61af15/latest.png,Nikolex,esports:player:8e32d1b1-8037-4e59-a465-2fe10c61af15,esports:player:8e32d1b1-8037-4e59-a465-2fe10c61af15,jng,esports:tournament:fad12a2c-5d11-4a39-a001-f9011b529a85,PlayerHistory,PlayerDetails,1035,Stavros Giannoulakis,https://factorassets.global.ssl.fastly.net/player-headshots/esports:player:c07aee2d-9553-4ff7-8f41-ed4342eded9a/latest.png,Vaynedeta,esports:player:c07aee2d-9553-4ff7-8f41-ed4342eded9a,esports:player:c07aee2d-9553-4ff7-8f41-ed4342eded9a,bot,esports:tournament:fad12a2c-5d11-4a39-a001-f9011b529a85,PlayerHistory,PlayerDetails,434,Thodoris Bakogiannis,https://factorassets.global.ssl.fastly.net/player-headshots/esports:player:892078c7-d9f6-49ab-ab8c-7dfb9caf8146/latest.png,Bako,esports:player:892078c7-d9f6-49ab-ab8c-7dfb9caf8146,esports:player:892078c7-d9f6-49ab-ab8c-7dfb9caf8146,top,esports:tournament:fad12a2c-5d11-4a39-a001-f9011b529a85,PlayerHistory,PlayerDetails,1568,,https://factorassets.global.ssl.fastly.net/player-headshots/default.png,SANITY,esports:player:63df4934-bd3e-4b39-837e-dc468f13b8cb,esports:player:63df4934-bd3e-4b39-837e-dc468f13b8cb,sup,esports:tournament:7d1d74da-a957-4d22-90a6-f928534e7eef,PlayerHistory,PlayerDetails,1853,Rodrigo Sinovas Sañudo,https://factorassets.global.ssl.fastly.net/player-headshots/default.png,Make,esports:player:649a3499-88cf-41f7-9295-6dfe9c9f3ed5,esports:player:649a3499-88cf-41f7-9295-6dfe9c9f3ed5,sup,esports:tournament:7d1d74da-a957-4d22-90a6-f928534e7eef,PlayerHistory,PlayerDetails,2307,Petros Mperdempes,https://factorassets.global.ssl.fastly.net/player-headshots/default.png,peppe,esports:player:7a86aaea-4173-4d99-8a7f-548b5a079800,esports:player:7a86aaea-4173-4d99-8a7f-548b5a079800,mid,esports:tournament:7d1d74da-a957-4d22-90a6-f928534e7eef,PlayerHistory,PlayerDetails,434,Thodoris Bakogiannis,https://factorassets.global.ssl.fastly.net/player-headshots/esports:player:892078c7-d9f6-49ab-ab8c-7dfb9caf8146/latest.png,Bako,esports:player:892078c7-d9f6-49ab-ab8c-7dfb9caf8146,esports:player:892078c7-d9f6-49ab-ab8c-7dfb9caf8146,top,esports:tournament:7d1d74da-a957-4d22-90a6-f928534e7eef,PlayerHistory,PlayerDetails,982,Nikos Kechris,https://factorassets.global.ssl.fastly.net/player-headshots/esports:player:8e32d1b1-8037-4e59-a465-2fe10c61af15/latest.png,Nikolex,esports:player:8e32d1b1-8037-4e59-a465-2fe10c61af15,esports:player:8e32d1b1-8037-4e59-a465-2fe10c61af15,jng,esports:tournament:7d1d74da-a957-4d22-90a6-f928534e7eef,PlayerHistory,PlayerDetails,1035,Stavros Giannoulakis,https://factorassets.global.ssl.fastly.net/player-headshots/esports:player:c07aee2d-9553-4ff7-8f41-ed4342eded9a/latest.png,Vaynedeta,esports:player:c07aee2d-9553-4ff7-8f41-ed4342eded9a,esports:player:c07aee2d-9553-4ff7-8f41-ed4342eded9a,bot,esports:tournament:7d1d74da-a957-4d22-90a6-f928534e7eef,PlayerHistory,PlayerDetails,982,Nikos Kechris,https://factorassets.global.ssl.fastly.net/player-headshots/esports:player:8e32d1b1-8037-4e59-a465-2fe10c61af15/latest.png,Nikolex,esports:player:8e32d1b1-8037-4e59-a465-2fe10c61af15,esports:player:8e32d1b1-8037-4e59-a465-2fe10c61af15,jng,esports:tournament:a22edf8b-0313-4813-afe1-9cf81a571855,PlayerHistory,PlayerDetails,2307,Petros Mperdempes,https://factorassets.global.ssl.fastly.net/player-headshots/default.png,peppe,esports:player:7a86aaea-4173-4d99-8a7f-548b5a079800,esports:player:7a86aaea-4173-4d99-8a7f-548b5a079800,mid,esports:tournament:a22edf8b-0313-4813-afe1-9cf81a571855,PlayerHistory,PlayerDetails,434,Thodoris Bakogiannis,https://factorassets.global.ssl.fastly.net/player-headshots/esports:player:892078c7-d9f6-49ab-ab8c-7dfb9caf8146/latest.png,Bako,esports:player:892078c7-d9f6-49ab-ab8c-7dfb9caf8146,esports:player:892078c7-d9f6-49ab-ab8c-7dfb9caf8146,top,esports:tournament:a22edf8b-0313-4813-afe1-9cf81a571855,PlayerHistory,PlayerDetails,1568,,https://factorassets.global.ssl.fastly.net/player-headshots/default.png,SANITY,esports:player:63df4934-bd3e-4b39-837e-dc468f13b8cb,esports:player:63df4934-bd3e-4b39-837e-dc468f13b8cb,sup,esports:tournament:a22edf8b-0313-4813-afe1-9cf81a571855,PlayerHistory,PlayerDetails,1035,Stavros Giannoulakis,https://factorassets.global.ssl.fastly.net/player-headshots/esports:player:c07aee2d-9553-4ff7-8f41-ed4342eded9a/latest.png,Vaynedeta,esports:player:c07aee2d-9553-4ff7-8f41-ed4342eded9a,esports:player:c07aee2d-9553-4ff7-8f41-ed4342eded9a,bot,esports:tournament:a22edf8b-0313-4813-afe1-9cf81a571855,PlayerHistory,PlayerDetails,3381,Jorgo Dhimojani,https://factorassets.global.ssl.fastly.net/player-headshots/default.png,Infe,esports:player:70beccc5-3dcd-42c8-b669-f41a50514aa6,esports:player:70beccc5-3dcd-42c8-b669-f41a50514aa6,top,esports:tournament:f8a51f89-5e67-4608-99be-0183120dc402,PlayerHistory,PlayerDetails,434,Thodoris Bakogiannis,https://factorassets.global.ssl.fastly.net/player-headshots/esports:player:892078c7-d9f6-49ab-ab8c-7dfb9caf8146/latest.png,Bako,esports:player:892078c7-d9f6-49ab-ab8c-7dfb9caf8146,esports:player:892078c7-d9f6-49ab-ab8c-7dfb9caf8146,top,esports:tournament:f8a51f89-5e67-4608-99be-0183120dc402,PlayerHistory,PlayerDetails,1035,Stavros Giannoulakis,https://factorassets.global.ssl.fastly.net/player-headshots/esports:player:c07aee2d-9553-4ff7-8f41-ed4342eded9a/latest.png,Vaynedeta,esports:player:c07aee2d-9553-4ff7-8f41-ed4342eded9a,esports:player:c07aee2d-9553-4ff7-8f41-ed4342eded9a,bot,esports:tournament:f8a51f89-5e67-4608-99be-0183120dc402,PlayerHistory,PlayerDetails,1568,,https://factorassets.global.ssl.fastly.net/player-headshots/default.png,SANITY,esports:player:63df4934-bd3e-4b39-837e-dc468f13b8cb,esports:player:63df4934-bd3e-4b39-837e-dc468f13b8cb,sup,esports:tournament:f8a51f89-5e67-4608-99be-0183120dc402,PlayerHistory,PlayerDetails,2307,Petros Mperdempes,https://factorassets.global.ssl.fastly.net/player-headshots/default.png,peppe,esports:player:7a86aaea-4173-4d99-8a7f-548b5a079800,esports:player:7a86aaea-4173-4d99-8a7f-548b5a079800,mid,esports:tournament:f8a51f89-5e67-4608-99be-0183120dc402,PlayerHistory,PlayerDetails,982,Nikos Kechris,https://factorassets.global.ssl.fastly.net/player-headshots/esports:player:8e32d1b1-8037-4e59-a465-2fe10c61af15/latest.png,Nikolex,esports:player:8e32d1b1-8037-4e59-a465-2fe10c61af15,esports:player:8e32d1b1-8037-4e59-a465-2fe10c61af15,jng,esports:tournament:f8a51f89-5e67-4608-99be-0183120dc402,PlayerHistory,PlayerDetails,982,Nikos Kechris,https://factorassets.global.ssl.fastly.net/player-headshots/esports:player:8e32d1b1-8037-4e59-a465-2fe10c61af15/latest.png,Nikolex,esports:player:8e32d1b1-8037-4e59-a465-2fe10c61af15,esports:player:8e32d1b1-8037-4e59-a465-2fe10c61af15,jng,esports:tournament:2bac823e-4f89-4ffe-b5f2-a298a48a4957,PlayerHistory,PlayerDetails,434,Thodoris Bakogiannis,https://factorassets.global.ssl.fastly.net/player-headshots/esports:player:892078c7-d9f6-49ab-ab8c-7dfb9caf8146/latest.png,Bako,esports:player:892078c7-d9f6-49ab-ab8c-7dfb9caf8146,esports:player:892078c7-d9f6-49ab-ab8c-7dfb9caf8146,top,esports:tournament:2bac823e-4f89-4ffe-b5f2-a298a48a4957,PlayerHistory,PlayerDetails,2307,Petros Mperdempes,https://factorassets.global.ssl.fastly.net/player-headshots/default.png,peppe,esports:player:7a86aaea-4173-4d99-8a7f-548b5a079800,esports:player:7a86aaea-4173-4d99-8a7f-548b5a079800,mid,esports:tournament:2bac823e-4f89-4ffe-b5f2-a298a48a4957,PlayerHistory,PlayerDetails,2800,Konstantinos Georgantas,https://factorassets.global.ssl.fastly.net/player-headshots/default.png,Kaba,esports:player:bbdb30dd-ec28-4e6b-8325-ba437dec57ff,esports:player:bbdb30dd-ec28-4e6b-8325-ba437dec57ff,bot,esports:tournament:2bac823e-4f89-4ffe-b5f2-a298a48a4957,PlayerHistory,PlayerDetails,1568,,https://factorassets.global.ssl.fastly.net/player-headshots/default.png,SANITY,esports:player:63df4934-bd3e-4b39-837e-dc468f13b8cb,esports:player:63df4934-bd3e-4b39-837e-dc468f13b8cb,sup,esports:tournament:2bac823e-4f89-4ffe-b5f2-a298a48a4957,PlayerHistory,PlayerDetails,2800,Konstantinos Georgantas,https://factorassets.global.ssl.fastly.net/player-headshots/default.png,Kaba,esports:player:bbdb30dd-ec28-4e6b-8325-ba437dec57ff,esports:player:bbdb30dd-ec28-4e6b-8325-ba437dec57ff,bot,esports:tournament:a45517c2-9e0a-4ec3-8509-6c5f39c9a89a,PlayerHistory,PlayerDetails,2307,Petros Mperdempes,https://factorassets.global.ssl.fastly.net/player-headshots/default.png,peppe,esports:player:7a86aaea-4173-4d99-8a7f-548b5a079800,esports:player:7a86aaea-4173-4d99-8a7f-548b5a079800,mid,esports:tournament:a45517c2-9e0a-4ec3-8509-6c5f39c9a89a,PlayerHistory,PlayerDetails,434,Thodoris Bakogiannis,https://factorassets.global.ssl.fastly.net/player-headshots/esports:player:892078c7-d9f6-49ab-ab8c-7dfb9caf8146/latest.png,Bako,esports:player:892078c7-d9f6-49ab-ab8c-7dfb9caf8146,esports:player:892078c7-d9f6-49ab-ab8c-7dfb9caf8146,top,esports:tournament:a45517c2-9e0a-4ec3-8509-6c5f39c9a89a,PlayerHistory,PlayerDetails,982,Nikos Kechris,https://factorassets.global.ssl.fastly.net/player-headshots/esports:player:8e32d1b1-8037-4e59-a465-2fe10c61af15/latest.png,Nikolex,esports:player:8e32d1b1-8037-4e59-a465-2fe10c61af15,esports:player:8e32d1b1-8037-4e59-a465-2fe10c61af15,jng,esports:tournament:a45517c2-9e0a-4ec3-8509-6c5f39c9a89a,PlayerHistory,PlayerDetails,1568,,https://factorassets.global.ssl.fastly.net/player-headshots/default.png,SANITY,esports:player:63df4934-bd3e-4b39-837e-dc468f13b8cb,esports:player:63df4934-bd3e-4b39-837e-dc468f13b8cb,sup,esports:tournament:a45517c2-9e0a-4ec3-8509-6c5f39c9a89a,PlayerHistory,PlayerDetails,960,Stergios Liamis,https://factorassets.global.ssl.fastly.net/player-headshots/default.png,Zentul,esports:player:dcde060d-85c4-4240-bc39-2d84056b9899,esports:player:dcde060d-85c4-4240-bc39-2d84056b9899,bot,esports:tournament:9ca0e908-3f0f-4c2c-8c47-a6b9004e0dc3,PlayerHistory,PlayerDetails,1568,,https://factorassets.global.ssl.fastly.net/player-headshots/default.png,SANITY,esports:player:63df4934-bd3e-4b39-837e-dc468f13b8cb,esports:player:63df4934-bd3e-4b39-837e-dc468f13b8cb,sup,esports:tournament:9ca0e908-3f0f-4c2c-8c47-a6b9004e0dc3,PlayerHistory,PlayerDetails,2307,Petros Mperdempes,https://factorassets.global.ssl.fastly.net/player-headshots/default.png,peppe,esports:player:7a86aaea-4173-4d99-8a7f-548b5a079800,esports:player:7a86aaea-4173-4d99-8a7f-548b5a079800,mid,esports:tournament:9ca0e908-3f0f-4c2c-8c47-a6b9004e0dc3,PlayerHistory,PlayerDetails,982,Nikos Kechris,https://factorassets.global.ssl.fastly.net/player-headshots/esports:player:8e32d1b1-8037-4e59-a465-2fe10c61af15/latest.png,Nikolex,esports:player:8e32d1b1-8037-4e59-a465-2fe10c61af15,esports:player:8e32d1b1-8037-4e59-a465-2fe10c61af15,jng,esports:tournament:9ca0e908-3f0f-4c2c-8c47-a6b9004e0dc3,PlayerHistory,PlayerDetails,434,Thodoris Bakogiannis,https://factorassets.global.ssl.fastly.net/player-headshots/esports:player:892078c7-d9f6-49ab-ab8c-7dfb9caf8146/latest.png,Bako,esports:player:892078c7-d9f6-49ab-ab8c-7dfb9caf8146,esports:player:892078c7-d9f6-49ab-ab8c-7dfb9caf8146,top,esports:tournament:9ca0e908-3f0f-4c2c-8c47-a6b9004e0dc3,PlayerHistory,PlayerDetails,1213,Christos Mpalntonikolas,https://factorassets.global.ssl.fastly.net/player-headshots/esports:player:aa4d587e-3814-484a-91ef-9b1a42d756a5/latest.png,DEV1L,esports:player:aa4d587e-3814-484a-91ef-9b1a42d756a5,esports:player:aa4d587e-3814-484a-91ef-9b1a42d756a5,jng,esports:tournament:9ca0e908-3f0f-4c2c-8c47-a6b9004e0dc3,PlayerHistory,PlayerDetails,2800,Konstantinos Georgantas,https://factorassets.global.ssl.fastly.net/player-headshots/default.png,Kaba,esports:player:bbdb30dd-ec28-4e6b-8325-ba437dec57ff,esports:player:bbdb30dd-ec28-4e6b-8325-ba437dec57ff,bot,esports:tournament:9ca0e908-3f0f-4c2c-8c47-a6b9004e0dc3,PlayerHistory,,,sup,esports:tournament:4ad620ac-02fa-48f4-9a6f-92a0e2d90935,PlayerHistory,,,mid,esports:tournament:4ad620ac-02fa-48f4-9a6f-92a0e2d90935,PlayerHistory,PlayerDetails,2800,Konstantinos Georgantas,https://factorassets.global.ssl.fastly.net/player-headshots/default.png,Kaba,esports:player:bbdb30dd-ec28-4e6b-8325-ba437dec57ff,esports:player:bbdb30dd-ec28-4e6b-8325-ba437dec57ff,bot,esports:tournament:4ad620ac-02fa-48f4-9a6f-92a0e2d90935,PlayerHistory,,,jng,esports:tournament:4ad620ac-02fa-48f4-9a6f-92a0e2d90935,PlayerHistory,,,bot,esports:tournament:4ad620ac-02fa-48f4-9a6f-92a0e2d90935,PlayerHistory,PlayerDetails,960,Stergios Liamis,https://factorassets.global.ssl.fastly.net/player-headshots/default.png,Zentul,esports:player:dcde060d-85c4-4240-bc39-2d84056b9899,esports:player:dcde060d-85c4-4240-bc39-2d84056b9899,bot,esports:tournament:4ad620ac-02fa-48f4-9a6f-92a0e2d90935,PlayerHistory,PlayerDetails,434,Thodoris Bakogiannis,https://factorassets.global.ssl.fastly.net/player-headshots/esports:player:892078c7-d9f6-49ab-ab8c-7dfb9caf8146/latest.png,Bako,esports:player:892078c7-d9f6-49ab-ab8c-7dfb9caf8146,esports:player:892078c7-d9f6-49ab-ab8c-7dfb9caf8146,top,esports:tournament:4ad620ac-02fa-48f4-9a6f-92a0e2d90935,TeamRank,,119,0.48945991258177424,,0.48945991258177424,TP,esports:team:d92db726-7c59-49f4-9258-5d92b04a98c3,Roster,PlayerDetails,2754,Kristian Tsonev,https://factorassets.global.ssl.fastly.net/player-headshots/esports:player:7b601868-251d-4d62-95d5-959fb058d854/latest.png,Indecision,esports:player:7b601868-251d-4d62-95d5-959fb058d854,Indecision,esports:player:7b601868-251d-4d62-95d5-959fb058d854,jng,TeamLogo,False,False,https://factorassets.global.ssl.fastly.net/teamlogo/esports:team:d92db726-7c59-49f4-9258-5d92b04a98c3/latest.png,esports:team:d92db726-7c59-49f4-9258-5d92b04a98c3,Tournament,Series,European Masters,esports:series:e2a7097c-0c7a-4504-9bc4-5bad742a0d7f,esports:tournament:fad12a2c-5d11-4a39-a001-f9011b529a85,Tournament,Series,Greek Legends League,esports:series:4c59e188-92be-4a44-8f9a-5e896cd4277f,esports:tournament:7d1d74da-a957-4d22-90a6-f928534e7eef,Tournament,Series,European Masters,esports:series:e2a7097c-0c7a-4504-9bc4-5bad742a0d7f,esports:tournament:a22edf8b-0313-4813-afe1-9cf81a571855,TeamDetails,HAE,254,Hive Athens Ec,PlayerHistory,PlayerDetails,194458,Tautvydas Gegeckas,,T0m,esports:player:5c8cb86e-8ef4-490e-ae10-cf608130c1f6,esports:player:5c8cb86e-8ef4-490e-ae10-cf608130c1f6,mid,esports:tournament:7d1d74da-a957-4d22-90a6-f928534e7eef,PlayerHistory,PlayerDetails,1681,Vasileios Syrianos,https://factorassets.global.ssl.fastly.net/player-headshots/esports:player:1a494200-2560-4a3b-9a74-bb94479b95c9/latest.png,Carnage,esports:player:1a494200-2560-4a3b-9a74-bb94479b95c9,esports:player:1a494200-2560-4a3b-9a74-bb94479b95c9,jng,esports:tournament:7d1d74da-a957-4d22-90a6-f928534e7eef,PlayerHistory,PlayerDetails,194463,Thanos Katsaros,,Navatar,esports:player:1ab0d89a-2d05-46cc-bfae-90235b106431,esports:player:1ab0d89a-2d05-46cc-bfae-90235b106431,jng,esports:tournament:7d1d74da-a957-4d22-90a6-f928534e7eef,PlayerHistory,PlayerDetails,194460,Łukasz Nasutowicz,,Nasut,esports:player:2743887a-5622-4104-89a7-8fcaede0531f,esports:player:2743887a-5622-4104-89a7-8fcaede0531f,jng,esports:tournament:7d1d74da-a957-4d22-90a6-f928534e7eef,PlayerHistory,PlayerDetails,194467,József Lőrincz,,Rassiel,esports:player:58454a62-30fe-450d-905b-ba17a0582ff3,esports:player:58454a62-30fe-450d-905b-ba17a0582ff3,sup,esports:tournament:7d1d74da-a957-4d22-90a6-f928534e7eef,PlayerHistory,PlayerDetails,194462,Yannick  Hiller,,Missclick,esports:player:a14fabe5-27bd-48c9-b814-f4f39ce203ce,esports:player:a14fabe5-27bd-48c9-b814-f4f39ce203ce,bot,esports:tournament:7d1d74da-a957-4d22-90a6-f928534e7eef,PlayerHistory,PlayerDetails,3109,Christodoulos Leontaras,https://factorassets.global.ssl.fastly.net/player-headshots/default.png,Leo D Aras,esports:player:b942b7cb-4fec-4306-a451-7e8a49081b72,esports:player:b942b7cb-4fec-4306-a451-7e8a49081b72,sup,esports:tournament:7d1d74da-a957-4d22-90a6-f928534e7eef,PlayerHistory,PlayerDetails,3455,Spyridon Diavatis,https://factorassets.global.ssl.fastly.net/player-headshots/default.png,NorthnLights,esports:player:bc4b41d1-7ea2-45a4-93b6-d3b341899d4a,esports:player:bc4b41d1-7ea2-45a4-93b6-d3b341899d4a,top,esports:tournament:7d1d74da-a957-4d22-90a6-f928534e7eef,PlayerHistory,PlayerDetails,2043,Romanos Kasinopoulos,https://factorassets.global.ssl.fastly.net/player-headshots/esports:player:c05e49dd-dcf0-4924-a253-00994a4f9c21/latest.png,Ivok,esports:player:c05e49dd-dcf0-4924-a253-00994a4f9c21,esports:player:c05e49dd-dcf0-4924-a253-00994a4f9c21,top,esports:tournament:7d1d74da-a957-4d22-90a6-f928534e7eef,PlayerHistory,PlayerDetails,194461,Koussay Soltani,,Koussay3,esports:player:cb72a31f-1d75-41e4-a475-dae84f5fffc8,esports:player:cb72a31f-1d75-41e4-a475-dae84f5fffc8,mid,esports:tournament:7d1d74da-a957-4d22-90a6-f928534e7eef,PlayerHistory,PlayerDetails,194455,,,Rhythm,esports:player:f7e0cde5-0900-4a38-a3ac-43c18448dc00,esports:player:f7e0cde5-0900-4a38-a3ac-43c18448dc00,bot,esports:tournament:7d1d74da-a957-4d22-90a6-f928534e7eef,PlayerHistory,PlayerDetails,575,,https://factorassets.global.ssl.fastly.net/player-headshots/esports:player:416b39de-e2ea-46c0-83f7-27e830c0b334/latest.png,zekja,esports:player:416b39de-e2ea-46c0-83f7-27e830c0b334,esports:player:416b39de-e2ea-46c0-83f7-27e830c0b334,bot,esports:tournament:f8a51f89-5e67-4608-99be-0183120dc402,PlayerHistory,PlayerDetails,3393,Ben Walpole,https://factorassets.global.ssl.fastly.net/player-headshots/default.png,Nyzah,esports:player:70a3928c-1e87-4b49-8ab5-c1bc3b8ce8b7,esports:player:70a3928c-1e87-4b49-8ab5-c1bc3b8ce8b7,sup,esports:tournament:f8a51f89-5e67-4608-99be-0183120dc402,PlayerHistory,PlayerDetails,1213,Christos Mpalntonikolas,https://factorassets.global.ssl.fastly.net/player-headshots/esports:player:aa4d587e-3814-484a-91ef-9b1a42d756a5/latest.png,DEV1L,esports:player:aa4d587e-3814-484a-91ef-9b1a42d756a5,esports:player:aa4d587e-3814-484a-91ef-9b1a42d756a5,jng,esports:tournament:f8a51f89-5e67-4608-99be-0183120dc402,PlayerHistory,PlayerDetails,3455,Spyridon Diavatis,https://factorassets.global.ssl.fastly.net/player-headshots/default.png,NorthnLights,esports:player:bc4b41d1-7ea2-45a4-93b6-d3b341899d4a,esports:player:bc4b41d1-7ea2-45a4-93b6-d3b341899d4a,top,esports:tournament:f8a51f89-5e67-4608-99be-0183120dc402,PlayerHistory,PlayerDetails,913,,https://factorassets.global.ssl.fastly.net/player-headshots/default.png,Crow,esports:player:b672d678-bf16-405f-8b38-3e04aee07029,esports:player:b672d678-bf16-405f-8b38-3e04aee07029,sup,esports:tournament:f8a51f89-5e67-4608-99be-0183120dc402,PlayerHistory,PlayerDetails,847,Filip Dadić,https://factorassets.global.ssl.fastly.net/player-headshots/esports:player:2901ce0b-eeb1-4afa-b4a6-c01af8adcb21/latest.png,Diva,esports:player:2901ce0b-eeb1-4afa-b4a6-c01af8adcb21,esports:player:2901ce0b-eeb1-4afa-b4a6-c01af8adcb21,mid,esports:tournament:f8a51f89-5e67-4608-99be-0183120dc402,TeamRank,,35,0.42847901204564015,,0.42847901204564015,HIVE,esports:team:235bef8f-9433-49c1-b89a-8d2e36cb62ac,TeamLogo,False,False,https://factorassets.global.ssl.fastly.net/teamlogo/esports:team:235bef8f-9433-49c1-b89a-8d2e36cb62ac/latest.png,esports:team:235bef8f-9433-49c1-b89a-8d2e36cb62ac,Tournament,Series,Greek Legends League,esports:series:4c59e188-92be-4a44-8f9a-5e896cd4277f,esports:tournament:7d1d74da-a957-4d22-90a6-f928534e7eef,Tournament,Series,Greek Legends League,esports:series:4c59e188-92be-4a44-8f9a-5e896cd4277f,esports:tournament:f8a51f89-5e67-4608-99be-0183120dc402,Tournament,Series,Greek Legends League,esports:series:4c59e188-92be-4a44-8f9a-5e896cd4277f,esports:tournament:4ad620ac-02fa-48f4-9a6f-92a0e2d90935,304742,TP-HAE,1,statistics,False
